        5000  -1.0000000000000000        0.0000000000000000        6.3487323001027107E-002   0.0000000000000000        6.3487323001027107E-002   0.0000000000000000     
        5000  0.20000000000000001        9.9108717404305935E-004  0.29346538824029267        4.2579514910874897E-005  0.29247430106624961        2.5204507086681215E-004
        5000  0.40000000000000002        9.9108717404305935E-004   9.9227677332237363E-002   3.2514230375386050E-004   9.8236590158194304E-002   1.9246465151839950E-003
        5000  0.59999999999999998        9.9108717404305935E-004   4.2999905068427324E-002   1.0206228781444813E-003   4.2008817894384265E-002   6.0414724354812968E-003
        5000  0.80000000000000004        9.9108717404305935E-004   2.3832846200093627E-002   2.4659439520533883E-003   2.2841759026050568E-002   1.4596902276830387E-002
        5000   1.0000000000000000        9.9108717404305935E-004   1.5489995246753097E-002   4.8288317614690974E-003   1.4498908072710037E-002   2.8583774288432454E-002
        5000  -1.0000000000000000        0.0000000000000000        5.6987226009368896E-002   0.0000000000000000        5.6987226009368896E-002   0.0000000000000000     
        5000  0.20000000000000001        9.8860799334943295E-004  0.28058848693035543        3.3737980493549869E-005  0.27959987893700600        2.6238176350674134E-004
        5000  0.40000000000000002        9.8860799334943295E-004  0.10207896004430950        2.4583464736968868E-004  0.10109035205096006        1.9118669038370151E-003
        5000  0.59999999999999998        9.8860799334943295E-004   4.4130430789664388E-002   7.7649396335169080E-004   4.3141822796314955E-002   6.0388278277505912E-003
        5000  0.80000000000000004        9.8860799334943295E-004   2.4360273033380508E-002   1.8398917306368656E-003   2.3371665040031075E-002   1.4308919202744380E-002
        5000   1.0000000000000000        9.8860799334943295E-004   1.5822191024199128E-002   3.7195211656335389E-003   1.4833583030849695E-002   2.8926880286333681E-002
        5000  -1.0000000000000000        0.0000000000000000        5.5885541951283813E-002   0.0000000000000000        5.5885541951283813E-002   0.0000000000000000     
        5000  0.20000000000000001        1.0656442027539015E-003  0.28030338231474161        4.6140342638332815E-005  0.27923773811198771        2.0606782940590208E-004
        5000  0.40000000000000002        1.0656442027539015E-003   9.9908017320558429E-002   3.2859601971971188E-004   9.8842373117804527E-002   1.4675458538707265E-003
        5000  0.59999999999999998        1.0656442027539015E-003   4.3950501130893826E-002   1.0346236437405872E-003   4.2884856928139925E-002   4.6207426370631684E-003
        5000  0.80000000000000004        1.0656442027539015E-003   2.3740854114294052E-002   2.3733895876645724E-003   2.2675209911540151E-002   1.0599818135253434E-002
        5000   1.0000000000000000        1.0656442027539015E-003   1.5409975312650204E-002   4.7089661829130269E-003   1.4344331109896302E-002   2.1030759300268292E-002
        5000  -1.0000000000000000        0.0000000000000000        5.6579659925773740E-002   0.0000000000000000        5.6579659925773740E-002   0.0000000000000000     
        5000  0.20000000000000001        9.8621589131653309E-004  0.28024509688839316        3.6907976226373506E-005  0.27925888099707663        2.6092684311589440E-004
        5000  0.40000000000000002        9.8621589131653309E-004   9.9417099030688405E-002   2.7554242651499112E-004   9.8430883139371872E-002   1.9479912703442841E-003
        5000  0.59999999999999998        9.8621589131653309E-004   4.3694879859685898E-002   8.5593382497426069E-004   4.2708663968369365E-002   6.0511611229189001E-003
        5000  0.80000000000000004        9.8621589131653309E-004   2.3945781867951155E-002   1.9010141298708831E-003   2.2959565976634622E-002   1.3439523548610915E-002
        5000   1.0000000000000000        9.8621589131653309E-004   1.5626508975401521E-002   3.9390127973531865E-003   1.4640293084084988E-002   2.7847481203047909E-002
        5000  -1.0000000000000000        0.0000000000000000        5.8334948029369116E-002   0.0000000000000000        5.8334948029369116E-002   0.0000000000000000     
        5000  0.20000000000000001        1.0125921107828617E-003  0.28446052712388337        4.3635148966240247E-005  0.28344793501310050        2.6552441692114149E-004
        5000  0.40000000000000002        1.0125921107828617E-003   9.9245195044204593E-002   3.1487930861439929E-004   9.8232602933421731E-002   1.9160733216484879E-003
        5000  0.59999999999999998        1.0125921107828617E-003   4.5033551985397935E-002   9.4349811233963279E-004   4.4020959874615073E-002   5.7412840813034233E-003
        5000  0.80000000000000004        1.0125921107828617E-003   2.3892540251836181E-002   2.0812236356569725E-003   2.2879948141053319E-002   1.2664462146510945E-002
        5000   1.0000000000000000        1.0125921107828617E-003   1.5253582969307899E-002   4.3113030692905237E-003   1.4240990858525038E-002   2.6234727295863524E-002
        5000  -1.0000000000000000        0.0000000000000000        7.4499394046142697E-002   0.0000000000000000        7.4499394046142697E-002   0.0000000000000000     
        5000  0.20000000000000001        1.1491419281810522E-003  0.30050143483094871        3.2375278906653409E-005  0.29935229290276766        2.2316583235168518E-004
        5000  0.40000000000000002        1.1491419281810522E-003  0.10413955105468631        2.4653644244176953E-004  0.10299040912650526        1.6993988079971108E-003
        5000  0.59999999999999998        1.1491419281810522E-003   4.5900315977632999E-002   7.9698905027152924E-004   4.4751174049451947E-002   5.4937202330162136E-003
        5000  0.80000000000000004        1.1491419281810522E-003   2.4801749968901277E-002   1.7467049647688225E-003   2.3652608040720224E-002   1.2040201057707239E-002
        5000   1.0000000000000000        1.1491419281810522E-003   1.5882872045040131E-002   3.4187977515108400E-003   1.4733730116859078E-002   2.3566093378154386E-002
       10000  -1.0000000000000000        0.0000000000000000       0.22773587610572577        0.0000000000000000       0.22773587610572577        0.0000000000000000     
       10000  0.20000000000000001        2.2398098371922970E-003   1.0260185946244746        4.0665744498837943E-005   1.0237787847872823        2.2734092061937644E-004
       10000  0.40000000000000002        2.2398098371922970E-003  0.29607743979431689        2.7427952973762301E-004  0.29383762995712459        1.5333534788569457E-003
       10000  0.59999999999999998        2.2398098371922970E-003  0.11976137291640043        8.4366761915134487E-004  0.11752156307920814        4.7165046551675728E-003
       10000  0.80000000000000004        2.2398098371922970E-003   6.0956389876082540E-002   1.9194742740239082E-003   5.8716580038890243E-002   1.0730777314903808E-002
       10000   1.0000000000000000        2.2398098371922970E-003   4.0682537946850061E-002   3.7750309768459808E-003   3.8442728109657764E-002   2.1104224900329899E-002
       10000  -1.0000000000000000        0.0000000000000000       0.22944590216502547        0.0000000000000000       0.22944590216502547        0.0000000000000000     
       10000  0.20000000000000001        2.2936419118195772E-003   1.0194078367203474        3.4861788126525512E-005   1.0171141948085278        2.1021300251483906E-004
       10000  0.40000000000000002        2.2936419118195772E-003  0.28801673301495612        2.7253163075723774E-004  0.28572309110313654        1.6433377477317070E-003
       10000  0.59999999999999998        2.2936419118195772E-003  0.11748472880572081        8.2250756896872152E-004  0.11519108689390123        4.9596361792050231E-003
       10000  0.80000000000000004        2.2936419118195772E-003   5.9918288839980960E-002   1.8101229340889535E-003   5.7624646928161383E-002   1.0914855414610443E-002
       10000   1.0000000000000000        2.2936419118195772E-003   3.7414675112813711E-002   3.8775971505933247E-003   3.5121033200994134E-002   2.3381512635291386E-002
       10000  -1.0000000000000000        0.0000000000000000       0.27003695606254041        0.0000000000000000       0.27003695606254041        0.0000000000000000     
       10000  0.20000000000000001        9.0820430777966976E-003   1.0833355840295553        3.5865054035000598E-005   1.0742535409517586        2.1960005025098436E-004
       10000  0.40000000000000002        9.0820430777966976E-003  0.30529407714493573        2.6943360148661666E-004  0.29621203406713903        1.6497293540398185E-003
       10000  0.59999999999999998        9.0820430777966976E-003  0.12685353099368513        8.0831316276087201E-004  0.11777148791588843        4.9492637314192366E-003
       10000  0.80000000000000004        9.0820430777966976E-003   6.9039588095620275E-002   1.8044394858124039E-003   5.9957545017823577E-002   1.1048498668719701E-002
       10000   1.0000000000000000        9.0820430777966976E-003   4.6222670935094357E-002   3.7455779868183123E-003   3.7140627857297659E-002   2.2933999020929359E-002
       10000  -1.0000000000000000        0.0000000000000000       0.22842125198803842        0.0000000000000000       0.22842125198803842        0.0000000000000000     
       10000  0.20000000000000001        2.4018029216676950E-003   1.0215894407592714        2.5406638136949604E-005   1.0191876378376037        2.2428769447556415E-004
       10000  0.40000000000000002        2.4018029216676950E-003  0.28816482308320701        1.9197353337608219E-004  0.28576302016153932        1.6947264320905872E-003
       10000  0.59999999999999998        2.4018029216676950E-003  0.12097812793217599        5.8659271591071952E-004  0.11857632501050830        5.1783918493504008E-003
       10000  0.80000000000000004        2.4018029216676950E-003   5.8272046037018299E-002   1.3596209944823771E-003   5.5870243115350604E-002   1.2002621384587442E-002
       10000   1.0000000000000000        2.4018029216676950E-003   3.5981514956802130E-002   2.6262473686025894E-003   3.3579712035134435E-002   2.3184293972752797E-002
       10000  -1.0000000000000000        0.0000000000000000       0.22922648186795413        0.0000000000000000       0.22922648186795413        0.0000000000000000     
       10000  0.20000000000000001        2.3481079842895269E-003   1.0198765269014984        3.8818491263802743E-005   1.0175284189172089        2.2815787563177338E-004
       10000  0.40000000000000002        2.3481079842895269E-003  0.29495332180522382        2.8545092913088890E-004  0.29260521382093430        1.6777539638267601E-003
       10000  0.59999999999999998        2.3481079842895269E-003  0.12067444995045662        8.4275574379357452E-004  0.11832634196616709        4.9533444994992511E-003
       10000  0.80000000000000004        2.3481079842895269E-003   5.6449374882504344E-002   1.9362835592001326E-003   5.4101266898214817E-002   1.1380616018422602E-002
       10000   1.0000000000000000        2.3481079842895269E-003   3.5546462051570415E-002   4.0059753866542921E-003   3.3198354067280889E-002   2.3545346671020470E-002
       10000  -1.0000000000000000        0.0000000000000000       0.22810542909428477        0.0000000000000000       0.22810542909428477        0.0000000000000000     
       10000  0.20000000000000001        2.2528280969709158E-003   1.0125956211704761        4.2231773572737513E-005   1.0103427930735052        2.6413897144914137E-004
       10000  0.40000000000000002        2.2528280969709158E-003  0.29354838817380369        2.8055668784510808E-004  0.29129556007683277        1.7547440870071191E-003
       10000  0.59999999999999998        2.2528280969709158E-003  0.11753972293809056        8.7181613906888323E-004  0.11528689484111965        5.4527811357435573E-003
       10000  0.80000000000000004        2.2528280969709158E-003   5.7957956101745367E-002   1.9027978544324431E-003   5.5705128004774451E-002   1.1901064663546863E-002
       10000   1.0000000000000000        2.2528280969709158E-003   3.4997381037101150E-002   4.0141867396359145E-003   3.2744552940130234E-002   2.5106763626348991E-002
       15000  -1.0000000000000000        0.0000000000000000       0.50963410106487572        0.0000000000000000       0.50963410106487572        0.0000000000000000     
       15000  0.20000000000000001        3.8745410274714231E-003   1.9523337229620665        3.6685717984745827E-005   1.9484591819345951        2.3357707699800485E-004
       15000  0.40000000000000002        3.8745410274714231E-003  0.50868758303113282        2.4125753174750059E-004  0.50481304200366139        1.5360808555734465E-003
       15000  0.59999999999999998        3.8745410274714231E-003  0.20618214202113450        7.3549527601006427E-004  0.20230760099366307        4.6828805909619950E-003
       15000  0.80000000000000004        3.8745410274714231E-003   9.9274148931726813E-002   1.6292631619397892E-003   9.5399607904255390E-002   1.0373479052111282E-002
       15000   1.0000000000000000        3.8745410274714231E-003   5.9820179827511311E-002   3.4475846017521608E-003   5.5945638800039887E-002   2.1950687575896428E-002
       15000  -1.0000000000000000        0.0000000000000000       0.51611164608038962        0.0000000000000000       0.51611164608038962        0.0000000000000000     
       15000  0.20000000000000001        3.4390129148960114E-003   2.0046721168328077        3.4968879133638379E-005   2.0012331039179116        2.2905314465683426E-004
       15000  0.40000000000000002        3.4390129148960114E-003  0.51190570485778153        2.4076077302773733E-004  0.50846669194288552        1.5770311642321067E-003
       15000  0.59999999999999998        3.4390129148960114E-003  0.19769305596128106        7.3354961421642621E-004  0.19425404304638505        4.8048965268792697E-003
       15000  0.80000000000000004        3.4390129148960114E-003   9.9126518005505204E-002   1.6731262593667284E-003   9.5687505090609193E-002   1.0959311267921703E-002
       15000   1.0000000000000000        3.4390129148960114E-003   5.9766662772744894E-002   3.4267043257023844E-003   5.6327649857848883E-002   2.2445597944724352E-002
       15000  -1.0000000000000000        0.0000000000000000       0.51688074017874897        0.0000000000000000       0.51688074017874897        0.0000000000000000     
       15000  0.20000000000000001        3.6540029104799032E-003   1.9890651558525860        3.5075357922009311E-005   1.9854111529421061        2.1901624293108786E-004
       15000  0.40000000000000002        3.6540029104799032E-003  0.51414477499201894        2.4283473903838432E-004  0.51049077208153903        1.5162996288047967E-003
       15000  0.59999999999999998        3.6540029104799032E-003  0.20087239285930991        7.4624437402007453E-004  0.19721838994883001        4.6596713131124489E-003
       15000  0.80000000000000004        3.6540029104799032E-003  0.10035678790882230        1.7105356665925665E-003   9.6702784998342395E-002   1.0680863070014446E-002
       15000   1.0000000000000000        3.6540029104799032E-003   6.0251517919823527E-002   3.5928810390292664E-003   5.6597515009343624E-002   2.2434533903152691E-002
       15000  -1.0000000000000000        0.0000000000000000       0.51714923698455095        0.0000000000000000       0.51714923698455095        0.0000000000000000     
       15000  0.20000000000000001        3.5423238296061754E-003   1.9877651357091963        3.6900463152223715E-005   1.9842228118795902        2.3235298785143275E-004
       15000  0.40000000000000002        3.5423238296061754E-003  0.51550912694074214        2.4622799317555098E-004  0.51196680311113596        1.5504360926579246E-003
       15000  0.59999999999999998        3.5423238296061754E-003  0.20287463301792741        7.3039381263179993E-004  0.19933230918832123        4.5991071703654534E-003
       15000  0.80000000000000004        3.5423238296061754E-003   9.8843584768474102E-002   1.6353245433480966E-003   9.5301260938867927E-002   1.0297229663113647E-002
       15000   1.0000000000000000        3.5423238296061754E-003   5.9773354791104794E-002   3.4662006286050717E-003   5.6231030961498618E-002   2.1825798479181646E-002
       15000  -1.0000000000000000        0.0000000000000000       0.51843675202690065        0.0000000000000000       0.51843675202690065        0.0000000000000000     
       15000  0.20000000000000001        3.6570429801940918E-003   1.9841410890221596        3.7420126278315818E-005   1.9804840460419655        2.3353518546410267E-004
       15000  0.40000000000000002        3.6570429801940918E-003  0.51690851198509336        2.5750354106469871E-004  0.51325146900489926        1.6070532946078065E-003
       15000  0.59999999999999998        3.6570429801940918E-003  0.19992419192567468        7.7254614143588388E-004  0.19626714894548059        4.8213815495420642E-003
       15000  0.80000000000000004        3.6570429801940918E-003   9.5903042936697602E-002   1.7278913602613490E-003   9.2245999956503510E-002   1.0783593467301799E-002
       15000   1.0000000000000000        3.6570429801940918E-003   5.8712590951472521E-002   3.5160764098643377E-003   5.5055547971278429E-002   2.1943473690505706E-002
       15000  -1.0000000000000000        0.0000000000000000       0.51295456499792635        0.0000000000000000       0.51295456499792635        0.0000000000000000     
       15000  0.20000000000000001        3.8209699559956789E-003   1.9615178448148072        2.8021446188830835E-005   1.9576968748588115        1.8434006381625107E-004
       15000  0.40000000000000002        3.8209699559956789E-003  0.50951049593277276        2.0599592137043887E-004  0.50568952597677708        1.3551513735379599E-003
       15000  0.59999999999999998        3.8209699559956789E-003  0.19844119995832443        6.1828899851207157E-004  0.19462023000232875        4.0674358016550586E-003
       15000  0.80000000000000004        3.8209699559956789E-003   9.8124213982373476E-002   1.3581314816327218E-003   9.4303244026377797E-002   8.9345154531969388E-003
       15000   1.0000000000000000        3.8209699559956789E-003   6.3536118948832154E-002   2.8515448382969363E-003   5.9715148992836475E-002   1.8758987452834639E-002
       20000  -1.0000000000000000        0.0000000000000000       0.90407394105568528        0.0000000000000000       0.90407394105568528        0.0000000000000000     
       20000  0.20000000000000001        4.7725760377943516E-003   3.0718863110523671        3.2439671697339377E-005   3.0671137350145727        2.0433027324694381E-004
       20000  0.40000000000000002        4.7725760377943516E-003  0.73433647118508816        2.2737545150308081E-004  0.72956389514729381        1.4321873713377387E-003
       20000  0.59999999999999998        4.7725760377943516E-003  0.28215949889272451        6.8329171414507786E-004  0.27738692285493016        4.3039024550327815E-003
       20000  0.80000000000000004        4.7725760377943516E-003  0.13392557902261615        1.5400849441094364E-003  0.12915300298482180        9.7006523490555281E-003
       20000   1.0000000000000000        4.7725760377943516E-003   7.9145286930724978E-002   3.2697865060089802E-003   7.4372710892930627E-002   2.0595657578334304E-002
       20000  -1.0000000000000000        0.0000000000000000       0.91526510403491557        0.0000000000000000       0.91526510403491557        0.0000000000000000     
       20000  0.20000000000000001        4.8141831066459417E-003   2.8601574171334505        3.2398249765203545E-005   2.8553432340268046        2.0501096819663061E-004
       20000  0.40000000000000002        4.8141831066459417E-003  0.68698528502136469        2.2347106771272262E-004  0.68217110191471875        1.4140893501267268E-003
       20000  0.59999999999999998        4.8141831066459417E-003  0.26782639627344906        6.6852325054991152E-004  0.26301221316680312        4.2303087311955888E-003
       20000  0.80000000000000004        4.8141831066459417E-003  0.13139394205063581        1.5183619878945205E-003  0.12657975894398987        9.6079530057064690E-003
       20000   1.0000000000000000        4.8141831066459417E-003   8.0158789176493883E-002   3.1700730084202834E-003   7.5344606069847941E-002   2.0059717466844609E-002
       20000  -1.0000000000000000        0.0000000000000000       0.90612016804516315        0.0000000000000000       0.90612016804516315        0.0000000000000000     
       20000  0.20000000000000001        4.7118659131228924E-003   2.8390648048371077        3.3766209469878903E-005   2.8343529389239848        2.2561740541079633E-004
       20000  0.40000000000000002        4.7118659131228924E-003  0.68708474491722882        2.1870236278352640E-004  0.68237287900410593        1.4613147410711389E-003
       20000  0.59999999999999998        4.7118659131228924E-003  0.26983855199068785        6.7196692461162682E-004  0.26512668607756495        4.4899157007240809E-003
       20000  0.80000000000000004        4.7118659131228924E-003  0.12497947295196354        1.5247373734311718E-003  0.12026760703884065        1.0187915538262732E-002
       20000   1.0000000000000000        4.7118659131228924E-003   7.7279994962736964E-002   3.2421409378594699E-003   7.2568129049614072E-002   2.1663178599555220E-002
       20000  -1.0000000000000000        0.0000000000000000       0.90617356006987393        0.0000000000000000       0.90617356006987393        0.0000000000000000     
       20000  0.20000000000000001        4.5921639539301395E-003   2.8167517138645053        3.0741529597025579E-005   2.8121595499105752        1.9989936661939667E-004
       20000  0.40000000000000002        4.5921639539301395E-003  0.67263049189932644        2.1279842645798884E-004  0.66803832794539630        1.3837395609186626E-003
       20000  0.59999999999999998        4.5921639539301395E-003  0.26184845506213605        6.5262736849357530E-004  0.25725629110820591        4.2437640322546622E-003
       20000  0.80000000000000004        4.5921639539301395E-003  0.12234299187548459        1.4784043812287250E-003  0.11775082792155445        9.6134481038821738E-003
       20000   1.0000000000000000        4.5921639539301395E-003   7.5302205048501492E-002   3.1860388136702371E-003   7.0710041094571352E-002   2.0717483782560938E-002
       20000  -1.0000000000000000        0.0000000000000000       0.91446880204603076        0.0000000000000000       0.91446880204603076        0.0000000000000000     
       20000  0.20000000000000001        4.7134978231042624E-003   2.8693377799354494        2.0719841369281167E-005   2.8646242821123451        1.6715245392595837E-004
       20000  0.40000000000000002        4.7134978231042624E-003  0.69462471688166261        1.4500900160765878E-004  0.68991121905855834        1.1698260632443404E-003
       20000  0.59999999999999998        4.7134978231042624E-003  0.26639811089262366        4.3666193509024929E-004  0.26168461306951940        3.5226676056798849E-003
       20000  0.80000000000000004        4.7134978231042624E-003  0.12528259470127523        9.6441262891961799E-004  0.12056909687817097        7.7801723791233578E-003
       20000   1.0000000000000000        4.7134978231042624E-003   7.6898113824427128E-002   2.0362693222062511E-003   7.2184616001322865E-002   1.6427124512909879E-002
       20000  -1.0000000000000000        0.0000000000000000       0.90932818199507892        0.0000000000000000       0.90932818199507892        0.0000000000000000     
       20000  0.20000000000000001        5.1445560529828072E-003   2.8524656370282173        2.4431399774038303E-005   2.8473210809752345        2.0070230966986899E-004
       20000  0.40000000000000002        5.1445560529828072E-003  0.68045513215474784        1.7181483560225330E-004  0.67531057610176504        1.4114473448043957E-003
       20000  0.59999999999999998        5.1445560529828072E-003  0.26086933398619294        5.2526639921593931E-004  0.25572477793321013        4.3150282214545867E-003
       20000  0.80000000000000004        5.1445560529828072E-003  0.12922218488529325        1.1632667526264488E-003  0.12407762883231044        9.5561583115835423E-003
       20000   1.0000000000000000        5.1445560529828072E-003   7.8267686069011688E-002   2.4428298846679128E-003   7.3123130016028881E-002   2.0067683575970170E-002
       25000  -1.0000000000000000        0.0000000000000000        1.4297717579174787        0.0000000000000000        1.4297717579174787        0.0000000000000000     
       25000  0.20000000000000001        6.2049450352787971E-003   4.0567329851910472        2.8008532056236959E-005   4.0505280401557684        1.9006731570037143E-004
       25000  0.40000000000000002        6.2049450352787971E-003  0.92276270710863173        1.9250396523283426E-004  0.91655776207335293        1.3063416483240803E-003
       25000  0.59999999999999998        6.2049450352787971E-003  0.35134356818161905        5.9448608604976483E-004  0.34513862314634025        4.0342126595505606E-003
       25000  0.80000000000000004        6.2049450352787971E-003  0.16088990820571780        1.3416218009334494E-003  0.15468496317043900        9.1043134240852020E-003
       25000   1.0000000000000000        6.2049450352787971E-003   9.8454708000645041E-002   2.9009996263025415E-003   9.2249762965366244E-002   1.9686330247940354E-002
       25000  -1.0000000000000000        0.0000000000000000        1.4132273041177541        0.0000000000000000        1.4132273041177541        0.0000000000000000     
       25000  0.20000000000000001        5.9241480194032192E-003   3.9382183609995991        3.1943795006120372E-005   3.9322942129801959        1.0619903627543883E-004
       25000  0.40000000000000002        5.9241480194032192E-003  0.89248223789036274        2.0495915518840285E-004  0.88655808987095952        6.8139883669633109E-004
       25000  0.59999999999999998        5.9241480194032192E-003  0.34859195398166776        6.5500765136848453E-004  0.34266780596226454        2.1776116868720166E-003
       25000  0.80000000000000004        5.9241480194032192E-003  0.16217526909895241        1.3996119645518169E-003  0.15625112107954919        4.6530927764374258E-003
       25000   1.0000000000000000        5.9241480194032192E-003  0.10070159495808184        3.0587293634827379E-003   9.4777446938678622E-002   1.0168926721668968E-002
       25000  -1.0000000000000000        0.0000000000000000        1.4156025738921016        0.0000000000000000        1.4156025738921016        0.0000000000000000     
       25000  0.20000000000000001        6.5063571091741323E-003   3.9217436960898340        3.0296129313230560E-005   3.9152373389806598        1.5815836671892317E-004
       25000  0.40000000000000002        6.5063571091741323E-003  0.89859344507567585        2.0546088681896874E-004  0.89208708796650171        1.0725910873940797E-003
       25000  0.59999999999999998        6.5063571091741323E-003  0.34633291303180158        6.1421774088021418E-004  0.33982655592262745        3.2064714836353048E-003
       25000  0.80000000000000004        6.5063571091741323E-003  0.16796708316542208        1.3330861113070211E-003  0.16146072605624795        6.9592626794051917E-003
       25000   1.0000000000000000        6.5063571091741323E-003  0.10112130106426775        2.8192036670438652E-003   9.4614943955093622E-002   1.4717413000773566E-002
       25000  -1.0000000000000000        0.0000000000000000        1.4358354459982365        0.0000000000000000        1.4358354459982365        0.0000000000000000     
       25000  0.20000000000000001        5.9958789497613907E-003   3.9186374819837511        3.0345254043062291E-005   3.9126416030339897        2.0014444728438634E-004
       25000  0.40000000000000002        5.9958789497613907E-003  0.90655534295365214        2.0809557102771837E-004  0.90055946400389075        1.3725102774413429E-003
       25000  0.59999999999999998        5.9958789497613907E-003  0.34391451696865261        6.3284927379709209E-004  0.33791863801889122        4.1740058573476449E-003
       25000  0.80000000000000004        5.9958789497613907E-003  0.16428854176774621        1.4051584609652778E-003  0.15829266281798482        9.2678302550303418E-003
       25000   1.0000000000000000        5.9958789497613907E-003   9.7745405975729227E-002   3.0774033512670786E-003   9.1749527025967836E-002   2.0297249511782686E-002
       25000  -1.0000000000000000        0.0000000000000000        1.4307166500948370        0.0000000000000000        1.4307166500948370        0.0000000000000000     
       25000  0.20000000000000001        6.5153250470757484E-003   3.9293518150225282        2.9069278746960930E-005   3.9228364899754524        1.0839846572734065E-004
       25000  0.40000000000000002        6.5153250470757484E-003  0.91779278195463121        2.0397532551034094E-004  0.91127745690755546        7.6061785103173282E-004
       25000  0.59999999999999998        6.5153250470757484E-003  0.34593552816659212        6.2527228779432468E-004  0.33942020311951637        2.3316215461938470E-003
       25000  0.80000000000000004        6.5153250470757484E-003  0.16913219308480620        1.4243893165226389E-003  0.16261686803773046        5.3115049001899121E-003
       25000   1.0000000000000000        6.5153250470757484E-003  0.10199907026253641        3.0499532682315761E-003   9.5483745215460658E-002   1.1373183961468426E-002
       25000  -1.0000000000000000        0.0000000000000000        1.4243950159288943        0.0000000000000000        1.4243950159288943        0.0000000000000000     
       25000  0.20000000000000001        6.1836359091103077E-003   4.0859059437643737        3.1275405146578810E-005   4.0797223078552634        1.5065450385869724E-004
       25000  0.40000000000000002        6.1836359091103077E-003  0.98990402091294527        2.0391513737531210E-004  0.98372038500383496        9.8226493650766531E-004
       25000  0.59999999999999998        6.1836359091103077E-003  0.37382607883773744        6.6807403969900618E-004  0.36764244292862713        3.2181313885469910E-003
       25000  0.80000000000000004        6.1836359091103077E-003  0.16742094676010311        1.5245850971326678E-003  0.16123731085099280        7.3439691771350537E-003
       25000   1.0000000000000000        6.1836359091103077E-003  0.10232537984848022        3.2393520604485247E-003   9.6141743939369917E-002   1.5604049738230348E-002
       30000  -1.0000000000000000        0.0000000000000000        2.0651963199488819        0.0000000000000000        2.0651963199488819        0.0000000000000000     
       30000  0.20000000000000001        7.6460950076580048E-003   5.6241035119164735        2.7505847312177417E-005   5.6164574169088155        1.9182058433975344E-004
       30000  0.40000000000000002        7.6460950076580048E-003   1.2323745049070567        1.9191578560789557E-004   1.2247284098993987        1.3383844431882417E-003
       30000  0.59999999999999998        7.6460950076580048E-003  0.46927636791951954        5.6292515187329295E-004  0.46163027291186154        3.9257336938707654E-003
       30000  0.80000000000000004        7.6460950076580048E-003  0.21490890788845718        1.2629565528969652E-003  0.20726281288079917        8.8076204751257551E-003
       30000   1.0000000000000000        7.6460950076580048E-003  0.12867876398377120        2.7928782387778043E-003  0.12103266897611320        1.9477005368053513E-002
       30000  -1.0000000000000000        0.0000000000000000        2.0639925580471754        0.0000000000000000        2.0639925580471754        0.0000000000000000     
       30000  0.20000000000000001        7.8192190267145634E-003   5.6718529101926833        2.7610214318862863E-005   5.6640336911659688        1.7345472713293132E-005
       30000  0.40000000000000002        7.8192190267145634E-003   1.2412775950506330        1.7544429000478093E-004   1.2334583760239184        1.1021878026140396E-004
       30000  0.59999999999999998        7.8192190267145634E-003  0.47668143804185092        5.3586405863056117E-004  0.46886221901513636        3.3664408757091171E-004
       30000  0.80000000000000004        7.8192190267145634E-003  0.21254515997134149        1.2162299858251347E-003  0.20472594094462693        7.6406810134053385E-004
       30000   1.0000000000000000        7.8192190267145634E-003  0.12888204213231802        2.6978003451797860E-003  0.12106282310560346        1.6948300992093142E-003
       30000  -1.0000000000000000        0.0000000000000000        2.1786646379623562        0.0000000000000000        2.1786646379623562        0.0000000000000000     
       30000  0.20000000000000001        7.6839549001306295E-003   5.6489248720463365        3.0257564859878074E-005   5.6412409171462059        1.9641384555254431E-004
       30000  0.40000000000000002        7.6839549001306295E-003   1.2338574030436575        2.0279207214046819E-004   1.2261734481435269        1.3164037132907215E-003
       30000  0.59999999999999998        7.6839549001306295E-003  0.48339285189285874        6.1385941907812465E-004  0.47570889699272811        3.9848047814866755E-003
       30000  0.80000000000000004        7.6839549001306295E-003  0.21697242604568601        1.3916834223215372E-003  0.20928847114555538        9.0339686632336675E-003
       30000   1.0000000000000000        7.6839549001306295E-003  0.13375680777244270        3.0254795736861890E-003  0.12607285287231207        1.9639587007755366E-002
       30000  -1.0000000000000000        0.0000000000000000        2.0508141091559082        0.0000000000000000        2.0508141091559082        0.0000000000000000     
       30000  0.20000000000000001        7.9236009623855352E-003   5.6594512509182096        2.9799661660548864E-005   5.6515276499558240        1.8703961729730153E-004
       30000  0.40000000000000002        7.9236009623855352E-003   1.2824546510819346        1.9367609852053742E-004   1.2745310501195490        1.2156212966294656E-003
       30000  0.59999999999999998        7.9236009623855352E-003  0.47159221000038087        5.8910094179392611E-004  0.46366860903799534        3.6975324068356020E-003
       30000  0.80000000000000004        7.9236009623855352E-003  0.21581364702433348        1.4148898487180272E-003  0.20789004606194794        8.8806530368231839E-003
       30000   1.0000000000000000        7.9236009623855352E-003  0.12884558201767504        3.0423401485376641E-003  0.12092198105528951        1.9095456302580697E-002
       30000  -1.0000000000000000        0.0000000000000000        2.0486141948495060        0.0000000000000000        2.0486141948495060        0.0000000000000000     
       30000  0.20000000000000001        7.6151851098984480E-003   5.6569088662508875        2.9565569399570363E-005   5.6492936811409891        1.9613981793186337E-004
       30000  0.40000000000000002        7.6151851098984480E-003   1.2412714231759310        1.9388916065788832E-004   1.2336562380660325        1.2862726963395687E-003
       30000  0.59999999999999998        7.6151851098984480E-003  0.46707258210517466        5.8274236104280375E-004  0.45945739699527621        3.8659489033138878E-003
       30000  0.80000000000000004        7.6151851098984480E-003  0.22026369208469987        1.2729647056929341E-003  0.21264850697480142        8.4449266724397447E-003
       30000   1.0000000000000000        7.6151851098984480E-003  0.12832966423593462        2.7455870832798620E-003  0.12071447912603617        1.8214394701913415E-002
       30000  -1.0000000000000000        0.0000000000000000        2.0634569569956511        0.0000000000000000        2.0634569569956511        0.0000000000000000     
       30000  0.20000000000000001        8.2331818994134665E-003   5.6655381529126316        3.0839246999637710E-005   5.6573049710132182        1.8593827818693621E-004
       30000  0.40000000000000002        8.2331818994134665E-003   1.2372784549370408        2.0440607494593552E-004   1.2290452730376273        1.2324202866186578E-003
       30000  0.59999999999999998        8.2331818994134665E-003  0.46243347390554845        6.0671158617754055E-004  0.45420029200613499        3.6580305508510675E-003
       30000  0.80000000000000004        8.2331818994134665E-003  0.20730814593844116        1.3590220334745249E-003  0.19907496403902769        8.1939165675909819E-003
       30000   1.0000000000000000        8.2331818994134665E-003  0.12646590475924313        2.9129957111705936E-003  0.11823272285982966        1.7563250065974468E-002
       35000  -1.0000000000000000        0.0000000000000000        2.7835389308165759        0.0000000000000000        2.7835389308165759        0.0000000000000000     
       35000  0.20000000000000001        9.2430911026895046E-003   7.0258654293138534        2.8055293548702292E-005   7.0166223382111639        1.0933361976971231E-004
       35000  0.40000000000000002        9.2430911026895046E-003   1.4969865770544857        1.7765873583114113E-004   1.4877434859517962        6.9234965010830257E-004
       35000  0.59999999999999998        9.2430911026895046E-003  0.57164531410671771        5.3265159667954668E-004  0.56240222300402820        2.0757839172132089E-003
       35000  0.80000000000000004        9.2430911026895046E-003  0.25641633407212794        1.2212695970724074E-003  0.24717324296943843        4.7593808109985232E-003
       35000   1.0000000000000000        9.2430911026895046E-003  0.15619572927244008        2.6589087600769126E-003  0.14695263816975057        1.0361970330909374E-002
       35000  -1.0000000000000000        0.0000000000000000        2.8048913299571723        0.0000000000000000        2.8048913299571723        0.0000000000000000     
       35000  0.20000000000000001        1.0379663901403546E-002   6.9960572139825672        2.9411491880458697E-005   6.9856775500811636        1.1424696631364582E-004
       35000  0.40000000000000002        1.0379663901403546E-002   1.4900255759712309        1.8947471193046488E-004   1.4796459120698273        7.3600180226117678E-004
       35000  0.59999999999999998        1.0379663901403546E-002  0.74821224180050194        5.7363253643131888E-004  0.73783257789909840        2.2282370895174738E-003
       35000  0.80000000000000004        1.0379663901403546E-002  0.27930840291082859        1.2780181678031437E-003  0.26892873900942504        4.9643758010875843E-003
       35000   1.0000000000000000        1.0379663901403546E-002  0.16379347583279014        2.8098044332318969E-003  0.15341381193138659        1.0914496746241583E-002
       35000  -1.0000000000000000        0.0000000000000000        2.8235312181059271        0.0000000000000000        2.8235312181059271        0.0000000000000000     
       35000  0.20000000000000001        8.9369730558246374E-003   7.0090864540543407        2.2651899319756333E-005   7.0001494809985161        1.8881613470070530E-004
       35000  0.40000000000000002        8.9369730558246374E-003   1.5234766721259803        1.4687971779738123E-004   1.5145396990701556        1.2243238497993748E-003
       35000  0.59999999999999998        8.9369730558246374E-003  0.58193454123102129        4.3890603722639880E-004  0.57299756817519665        3.6585250656492826E-003
       35000  0.80000000000000004        8.9369730558246374E-003  0.25969173107296228        9.9338780022021071E-004  0.25075475801713765        8.2804378585960587E-003
       35000   1.0000000000000000        8.9369730558246374E-003  0.15333966095931828        2.1792021144859072E-003  0.14440268790349364        1.8164857356131804E-002
       35000  -1.0000000000000000        0.0000000000000000        2.7825983299408108        0.0000000000000000        2.7825983299408108        0.0000000000000000     
       35000  0.20000000000000001        9.6355490386486053E-003   6.5948395370505750        2.6189689539714575E-005   6.5852039880119264        1.8239155016180479E-004
       35000  0.40000000000000002        9.6355490386486053E-003   1.3507152360398322        1.8164298493932352E-004   1.3410796870011836        1.2650071910497967E-003
       35000  0.59999999999999998        9.6355490386486053E-003  0.50747710303403437        5.4316347522778881E-004  0.49784155399538577        3.7827263315909142E-003
       35000  0.80000000000000004        9.6355490386486053E-003  0.23989493399858475        1.2478512452401746E-003  0.23025938495993614        8.6903482626458934E-003
       35000   1.0000000000000000        9.6355490386486053E-003  0.14444016804918647        2.8376224566928525E-003  0.13480461901053786        1.9761912712455875E-002
       35000  -1.0000000000000000        0.0000000000000000        2.8001667060889304        0.0000000000000000        2.8001667060889304        0.0000000000000000     
       35000  0.20000000000000001        9.7959479317069054E-003   6.4121175389736891        2.6886827847049172E-005   6.4023215910419822        1.8111475465598428E-004
       35000  0.40000000000000002        9.7959479317069054E-003   1.3752312229480594        1.8198439901462239E-004   1.3654352750163525        1.2258813113339235E-003
       35000  0.59999999999999998        9.7959479317069054E-003  0.51146922400221229        5.4017002611145976E-004  0.50167327607050538        3.6386874014381291E-003
       35000  0.80000000000000004        9.7959479317069054E-003  0.24515418079681695        1.2359519837779566E-003  0.23535823286511004        8.3256061883510424E-003
       35000   1.0000000000000000        9.7959479317069054E-003  0.14484943076968193        2.7276729509705692E-003  0.13505348283797503        1.8374120595673702E-002
       35000  -1.0000000000000000        0.0000000000000000        2.9285889479797333        0.0000000000000000        2.9285889479797333        0.0000000000000000     
       35000  0.20000000000000001        9.4474758952856064E-003   6.5222982319537550        2.7661987455853384E-005   6.5128507560584694        1.5799940107066879E-004
       35000  0.40000000000000002        9.4474758952856064E-003   1.3838367499411106        1.7645497781787212E-004   1.3743892740458250        1.0078733805969704E-003
       35000  0.59999999999999998        9.4474758952856064E-003  0.52408945886418223        5.1943365324137291E-004  0.51464198296889663        2.9668947771401000E-003
       35000  0.80000000000000004        9.4474758952856064E-003  0.26373692997731268        1.1984365350904526E-003  0.25428945408202708        6.8452151194013863E-003
       35000   1.0000000000000000        9.4474758952856064E-003  0.14811542280949652        2.6407928737840420E-003  0.13866794691421092        1.5083648384826320E-002
       40000  -1.0000000000000000        0.0000000000000000        3.6808223929256201        0.0000000000000000        3.6808223929256201        0.0000000000000000     
       40000  0.20000000000000001        1.1128042824566364E-002   7.9104531568009406        2.7439056207151112E-005   7.8993251139763743        1.4172665100039831E-004
       40000  0.40000000000000002        1.1128042824566364E-002   1.6518569278996438        1.7708755403737130E-004   1.6407288850750774        9.1468255242057857E-004
       40000  0.59999999999999998        1.1128042824566364E-002  0.62925583682954311        5.4274622243643601E-004  0.61812779400497675        2.8033618892834276E-003
       40000  0.80000000000000004        1.1128042824566364E-002  0.28317438578233123        1.2430241112003542E-003  0.27204634295776486        6.4203973731159119E-003
       40000   1.0000000000000000        1.1128042824566364E-002  0.16969724581576884        2.7567996213611963E-003  0.15856920299120247        1.4239264458114338E-002
       40000  -1.0000000000000000        0.0000000000000000        3.6716425919439644        0.0000000000000000        3.6716425919439644        0.0000000000000000     
       40000  0.20000000000000001        1.0784323792904615E-002   7.8076982018537819        2.8694717596626459E-005   7.7969138780608773        1.8810211105824655E-004
       40000  0.40000000000000002        1.0784323792904615E-002   1.7240685948636383        1.8508673687473356E-004   1.7132842710707337        1.2132966919009753E-003
       40000  0.59999999999999998        1.0784323792904615E-002  0.63599265180528164        5.4869691480632107E-004  0.62520832801237702        3.5968657875326162E-003
       40000  0.80000000000000004        1.0784323792904615E-002  0.28674604371190071        1.2650561562564670E-003  0.27596171991899610        8.2928062559865928E-003
       40000   1.0000000000000000        1.0784323792904615E-002  0.17362453183159232        2.7774421023199491E-003  0.16284020803868771        1.8206930283567544E-002
       40000  -1.0000000000000000        0.0000000000000000        3.6963759709615260        0.0000000000000000        3.6963759709615260        0.0000000000000000     
       40000  0.20000000000000001        1.0401095962151885E-002   8.1974308718927205        2.7662900847994637E-005   8.1870297759305686        1.6528232640681563E-004
       40000  0.40000000000000002        1.0401095962151885E-002   1.6774594478774816        1.8046205463891532E-004   1.6670583519153297        1.0782379036375015E-003
       40000  0.59999999999999998        1.0401095962151885E-002  0.64000529306940734        5.3203404538660639E-004  0.62960419710725546        3.1788359880378335E-003
       40000  0.80000000000000004        1.0401095962151885E-002  0.27938629686832428        1.2155639814583649E-003  0.26898520090617239        7.2628407214326719E-003
       40000   1.0000000000000000        1.0401095962151885E-002  0.16984383692033589        2.7045178136100860E-003  0.15944274095818400        1.6159151149708676E-002
       40000  -1.0000000000000000        0.0000000000000000        3.6796131809242070        0.0000000000000000        3.6796131809242070        0.0000000000000000     
       40000  0.20000000000000001        1.1296160984784365E-002   8.4347300599329174        2.6066224349650518E-005   8.4234338989481330        1.9075166534652095E-004
       40000  0.40000000000000002        1.1296160984784365E-002   1.7008271079976112        1.7116889092663135E-004   1.6895309470128268        1.2526076105920454E-003
       40000  0.59999999999999998        1.1296160984784365E-002  0.64343035197816789        5.0606165059779301E-004  0.63213419099338353        3.7033404349116053E-003
       40000  0.80000000000000004        1.1296160984784365E-002  0.29370171204209328        1.1667135875588577E-003  0.28240555105730891        8.5379668656250917E-003
       40000   1.0000000000000000        1.1296160984784365E-002  0.17972664604894817        2.6017088731184112E-003  0.16843048506416380        1.9039209270859024E-002
       40000  -1.0000000000000000        0.0000000000000000        3.6508775649126619        0.0000000000000000        3.6508775649126619        0.0000000000000000     
       40000  0.20000000000000001        1.0042499052360654E-002   8.2014973538462073        2.7727923141882632E-005   8.1914548547938466        1.9095380015833163E-004
       40000  0.40000000000000002        1.0042499052360654E-002   1.7095823020208627        1.8027321218946576E-004   1.6995398029685020        1.2414869573239336E-003
       40000  0.59999999999999998        1.0042499052360654E-002  0.63670781091786921        5.2153515336480062E-004  0.62666531186550856        3.5916544827960454E-003
       40000  0.80000000000000004        1.0042499052360654E-002  0.28362828213721514        1.1907692052980669E-003  0.27358578308485448        8.2004665008510984E-003
       40000   1.0000000000000000        1.0042499052360654E-002  0.16908111097291112        2.7126293957147407E-003  0.15903861192055047        1.8681056236430370E-002
       40000  -1.0000000000000000        0.0000000000000000        3.6608089280780405        0.0000000000000000        3.6608089280780405        0.0000000000000000     
       40000  0.20000000000000001        1.0100414976477623E-002   8.1729164740536362        2.8206029298243516E-005   8.1628160590771586        1.2602309244643431E-004
       40000  0.40000000000000002        1.0100414976477623E-002   1.6948703259695321        1.9127323232276354E-004   1.6847699109930545        8.5459899316778416E-004
       40000  0.59999999999999998        1.0100414976477623E-002  0.64185231411829591        5.6928809841482885E-004  0.63175189914181828        2.5435500295553637E-003
       40000  0.80000000000000004        1.0100414976477623E-002  0.28675207681953907        1.3065133284874415E-003  0.27665166184306145        5.8374345512264220E-003
       40000   1.0000000000000000        1.0100414976477623E-002  0.17590293497778475        2.8799873574602798E-003  0.16580252000130713        1.2867635821975859E-002
       45000  -1.0000000000000000        0.0000000000000000        4.6511323200538754        0.0000000000000000        4.6511323200538754        0.0000000000000000     
       45000  0.20000000000000001        1.2107518035918474E-002   9.6309398449957371        2.6430472293436554E-005   9.6188323269598186        1.6311972782767157E-004
       45000  0.40000000000000002        1.2107518035918474E-002   1.9726531212218106        1.6742120888194769E-004   1.9605456031858921        1.0332657593933668E-003
       45000  0.59999999999999998        1.2107518035918474E-002  0.75478727300651371        5.0739170073207235E-004  0.74267975497059524        3.1314459766951688E-003
       45000  0.80000000000000004        1.2107518035918474E-002  0.33012994797900319        1.1758552302822145E-003  0.31802242994308472        7.2569715364492237E-003
       45000   1.0000000000000000        1.2107518035918474E-002  0.19774632202461362        2.7434082466992454E-003  0.18563880398869514        1.6931366248528926E-002
       45000  -1.0000000000000000        0.0000000000000000        4.6435660419519991        0.0000000000000000        4.6435660419519991        0.0000000000000000     
       45000  0.20000000000000001        1.2287616962566972E-002   9.7858396740630269        2.6801339501822857E-005   9.7735520571004599        1.7905626409227379E-004
       45000  0.40000000000000002        1.2287616962566972E-002   1.9332624811213464        1.7753089680091152E-004   1.9209748641587794        1.1860608362488821E-003
       45000  0.59999999999999998        1.2287616962566972E-002  0.76752886595204473        5.2233114508637034E-004  0.75524124898947775        3.4896264588508276E-003
       45000  0.80000000000000004        1.2287616962566972E-002  0.34616369404830039        1.2023382566368793E-003  0.33387607708573341        8.0326655462117751E-003
       45000   1.0000000000000000        1.2287616962566972E-002  0.20835753716528416        2.6774103834183347E-003  0.19606992020271719        1.7887430613837157E-002
       45000  -1.0000000000000000        0.0000000000000000        4.6479787100106478        0.0000000000000000        4.6479787100106478        0.0000000000000000     
       45000  0.20000000000000001        1.1847330024465919E-002   9.6249129190109670        2.7648991057030380E-005   9.6130655889865011        1.8413392059036965E-004
       45000  0.40000000000000002        1.1847330024465919E-002   1.9591704010963440        1.7603707117513863E-004   1.9473230710718781        1.1723536680909785E-003
       45000  0.59999999999999998        1.1847330024465919E-002  0.74148357287049294        5.2796116665270246E-004  0.72963624284602702        3.5160617374682956E-003
       45000  0.80000000000000004        1.1847330024465919E-002  0.32532739592716098        1.2287174079417739E-003  0.31348006590269506        8.1828864263177731E-003
       45000   1.0000000000000000        1.1847330024465919E-002  0.20079529890790582        2.7526757686701093E-003  0.18894796888343990        1.8331988330201863E-002
       45000  -1.0000000000000000        0.0000000000000000        4.6874450789764524        0.0000000000000000        4.6874450789764524        0.0000000000000000     
       45000  0.20000000000000001        1.2767394073307514E-002   9.4412003599572927        2.5105111922085814E-005   9.4284329658839852        1.8068352086357306E-004
       45000  0.40000000000000002        1.2767394073307514E-002   1.8684330971445888        1.6250380141208799E-004   1.8556657030712813        1.1695530011567245E-003
       45000  0.59999999999999998        1.2767394073307514E-002  0.68652551108971238        4.8220255167996689E-004  0.67375811701640487        3.4704507622723537E-003
       45000  0.80000000000000004        1.2767394073307514E-002  0.31682057818397880        1.1169193996644557E-003  0.30405318411067128        8.0385592495472620E-003
       45000   1.0000000000000000        1.2767394073307514E-002  0.19275421020574868        2.5410124357728315E-003  0.17998681613244116        1.8287872003058328E-002
       45000  -1.0000000000000000        0.0000000000000000        4.6663643089123070        0.0000000000000000        4.6663643089123070        0.0000000000000000     
       45000  0.20000000000000001        1.1799730127677321E-002   9.2260133121162653        2.7670524987779934E-005   9.2142135819885880        1.4116376998821000E-004
       45000  0.40000000000000002        1.1799730127677321E-002   1.8806978890206665        1.7917556588008157E-004   1.8688981588929892        9.1408089946155098E-004
       45000  0.59999999999999998        1.1799730127677321E-002  0.70557926921173930        5.3222560521643751E-004  0.69377953908406198        2.7151986798150366E-003
       45000  0.80000000000000004        1.1799730127677321E-002  0.32602776912972331        1.2119888804624117E-003  0.31422803900204599        6.1830745757596442E-003
       45000   1.0000000000000000        1.1799730127677321E-002  0.20199252618476748        2.7489050023381104E-003  0.19019279605709016        1.4023795849224710E-002
       45000  -1.0000000000000000        0.0000000000000000        4.6220045431982726        0.0000000000000000        4.6220045431982726        0.0000000000000000     
       45000  0.20000000000000001        1.3536858838051558E-002   9.3395723819267005        2.7284386613674792E-005   9.3260355230886489        1.5246858477842610E-004
       45000  0.40000000000000002        1.3536858838051558E-002   1.9497635297011584        1.7285825331549631E-004   1.9362266708631068        9.6595366512931585E-004
       45000  0.59999999999999998        1.3536858838051558E-002  0.74186012288555503        5.2496779748888644E-004  0.72832326404750347        2.9335860934202470E-003
       45000  0.80000000000000004        1.3536858838051558E-002  0.34521875577047467        1.1930444513327501E-003  0.33168189693242311        6.6668824792744316E-003
       45000   1.0000000000000000        1.3536858838051558E-002  0.20428480394184589        2.7658735623258632E-003  0.19074794510379434        1.5456049413715978E-002
       50000  -1.0000000000000000        0.0000000000000000        5.7262190349865705        0.0000000000000000        5.7262190349865705        0.0000000000000000     
       50000  0.20000000000000001        1.2480211909860373E-002   10.719165714923292        2.6096511881366730E-005   10.706685503013432        1.7352204486695941E-004
       50000  0.40000000000000002        1.2480211909860373E-002   2.1744062639772892        1.7070769178955100E-004   2.1619260520674288        1.1350768979586018E-003
       50000  0.59999999999999998        1.2480211909860373E-002  0.81518345582298934        5.1364107322915300E-004  0.80270324391312897        3.4153242302861534E-003
       50000  0.80000000000000004        1.2480211909860373E-002  0.36369626084342599        1.1937384829401366E-003  0.35121604893356562        7.9374570646759575E-003
       50000   1.0000000000000000        1.2480211909860373E-002  0.22201847401447594        2.6723429791924817E-003  0.20953826210461557        1.7769057429718696E-002
       50000  -1.0000000000000000        0.0000000000000000        5.6890334649942815        0.0000000000000000        5.6890334649942815        0.0000000000000000     
       50000  0.20000000000000001        1.3708659913390875E-002   10.600408880971372        2.6042949649880318E-005   10.586700221057981        1.6797247471639985E-004
       50000  0.40000000000000002        1.3708659913390875E-002   2.1302312528714538        1.6975699274626623E-004   2.1165225929580629        1.0949029413085439E-003
       50000  0.59999999999999998        1.3708659913390875E-002  0.77585456590168178        5.1133005279431747E-004  0.76214590598829091        3.2979894950234102E-003
       50000  0.80000000000000004        1.3708659913390875E-002  0.48010409576818347        1.1904498932045137E-003  0.46639543585479259        7.6781938019971942E-003
       50000   1.0000000000000000        1.3708659913390875E-002  0.21819975902326405        2.7032481311973196E-003  0.20449109910987318        1.7435478103448376E-002
       50000  -1.0000000000000000        0.0000000000000000        5.7409437589813024        0.0000000000000000        5.7409437589813024        0.0000000000000000     
       50000  0.20000000000000001        1.4475879957899451E-002   10.739430152811110        2.2502143917692778E-005   10.724954272853211        1.7745484467715928E-004
       50000  0.40000000000000002        1.4475879957899451E-002   2.1579890819266438        1.4997131540645241E-004   2.1435132019687444        1.1826933726326470E-003
       50000  0.59999999999999998        1.4475879957899451E-002  0.79012669390067458        4.4246759645787066E-004  0.77565081394277513        3.4893572315289924E-003
       50000  0.80000000000000004        1.4475879957899451E-002  0.35834528086706996        1.0042426290379071E-003  0.34386940090917051        7.9195884803662797E-003
       50000   1.0000000000000000        1.4475879957899451E-002  0.21756985294632614        2.2427874300582832E-003  0.20309397298842669        1.7686914478044345E-002
       50000  -1.0000000000000000        0.0000000000000000        5.7408093430567533        0.0000000000000000        5.7408093430567533        0.0000000000000000     
       50000  0.20000000000000001        1.6150810057297349E-002   10.640578025020659        2.6222883190530134E-005   10.624427214963362        1.7054739801445999E-004
       50000  0.40000000000000002        1.6150810057297349E-002   2.0853016620967537        1.7809788103916385E-004   2.0691508520394564        1.1583062770949316E-003
       50000  0.59999999999999998        1.6150810057297349E-002  0.79643983696587384        5.1429656919299148E-004  0.78028902690857649        3.3448626166059335E-003
       50000  0.80000000000000004        1.6150810057297349E-002  0.36741193290799856        1.2088688589107664E-003  0.35126112285070121        7.8621956605593422E-003
       50000   1.0000000000000000        1.6150810057297349E-002  0.22523541701957583        2.6761448467900266E-003  0.20908460696227849        1.7405009853938096E-002
       50000  -1.0000000000000000        0.0000000000000000        5.7550226661842316        0.0000000000000000        5.7550226661842316        0.0000000000000000     
       50000  0.20000000000000001        1.2863505166023970E-002   10.620027235243469        2.8063565863770272E-005   10.607163730077446        1.8264316462078726E-004
       50000  0.40000000000000002        1.2863505166023970E-002   2.1337039491627365        1.7399629432954071E-004   2.1208404439967126        1.1324018473954473E-003
       50000  0.59999999999999998        1.2863505166023970E-002  0.76767745916731656        5.1842249558546052E-004  0.75481395400129259        3.3739947968113903E-003
       50000  0.80000000000000004        1.2863505166023970E-002  0.35820049117319286        1.1762925342665841E-003  0.34533698600716889        7.6555414241072260E-003
       50000   1.0000000000000000        1.2863505166023970E-002  0.21164443111047149        2.6572221731085361E-003  0.19878092594444752        1.7293720589642365E-002
       50000  -1.0000000000000000        0.0000000000000000        5.8720973560120910        0.0000000000000000        5.8720973560120910        0.0000000000000000     
       50000  0.20000000000000001        1.2534314999356866E-002   10.634700034046546        2.4498818494005880E-005   10.622165719047189        9.2891182868023420E-005
       50000  0.40000000000000002        1.2534314999356866E-002   2.0817196751013398        1.7315984775046099E-004   2.0691853601019830        6.5656321698626748E-004
       50000  0.59999999999999998        1.2534314999356866E-002  0.77222522418014705        5.1530966401940178E-004  0.75969090918079019        1.9538788879062776E-003
       50000  0.80000000000000004        1.2534314999356866E-002  0.38575115101411939        1.1665244573756080E-003  0.37321683601476252        4.4230637782230915E-003
       50000   1.0000000000000000        1.2534314999356866E-002  0.23384524811990559        2.6255322696496154E-003  0.22131093312054873        9.9551249071701646E-003
