        5000  -1.0000000000000000        0.0000000000000000        5.7914867997169495E-002   0.0000000000000000        5.7914867997169495E-002   0.0000000000000000     
        5000  0.20000000000000001        1.2267648708075285E-003  0.34815524681471288        2.6851392255147294E-006  0.34692848194390535        1.1640747583728036E-005
        5000  0.40000000000000002        1.2267648708075285E-003  0.14702998474240303        4.9982420539023923E-005  0.14580321987159550        2.1668624687682124E-004
        5000  0.59999999999999998        1.2267648708075285E-003   7.4618547922000289E-002   2.5618677962666693E-004   7.3391783051192760E-002   1.1106335223085180E-003
        5000  0.80000000000000004        1.2267648708075285E-003   4.1633701883256435E-002   8.1248762933484582E-004   4.0406937012448907E-002   3.5223363161645655E-003
        5000   1.0000000000000000        1.2267648708075285E-003   2.7556234737858176E-002   2.4583655780721311E-003   2.6329469867050648E-002   1.0657627318143082E-002
        5000  -1.0000000000000000        0.0000000000000000        5.6967477779835463E-002   0.0000000000000000        5.6967477779835463E-002   0.0000000000000000     
        5000  0.20000000000000001        1.1415018234401941E-003  0.35083795874379575        3.1575910139372648E-006  0.34969645692035556        1.8602953771212212E-005
        5000  0.40000000000000002        1.1415018234401941E-003  0.15203575883060694        5.8730196200796253E-005  0.15089425700716674        3.4600906832937383E-004
        5000  0.59999999999999998        1.1415018234401941E-003   7.4207050958648324E-002   2.8467382252997197E-004   7.3065549135208130E-002   1.6771563945502648E-003
        5000  0.80000000000000004        1.1415018234401941E-003   4.3103094911202788E-002   9.5684726435225822E-004   4.1961593087762594E-002   5.6372675708436714E-003
        5000   1.0000000000000000        1.1415018234401941E-003   2.9316558735445142E-002   2.7913799814019173E-003   2.8175056912004948E-002   1.6445420740907511E-002
        5000  -1.0000000000000000        0.0000000000000000        5.6356113171204925E-002   0.0000000000000000        5.6356113171204925E-002   0.0000000000000000     
        5000  0.20000000000000001        1.1081600096076727E-003  0.34756045485846698        2.8258264191424658E-006  0.34645229484885931        1.8651772197000182E-005
        5000  0.40000000000000002        1.1081600096076727E-003  0.14847782696597278        5.3862829791519744E-005  0.14736966695636511        3.5551979567877758E-004
        5000  0.59999999999999998        1.1081600096076727E-003   7.3236066848039627E-002   2.6042287439860301E-004   7.2127906838431954E-002   1.7189124198381442E-003
        5000  0.80000000000000004        1.1081600096076727E-003   4.2523133102804422E-002   8.2853525986888534E-004   4.1414973093196750E-002   5.4687191044616289E-003
        5000   1.0000000000000000        1.1081600096076727E-003   2.8049775864928961E-002   2.4174351441665922E-003   2.6941615855321288E-002   1.5956199327947593E-002
        5000  -1.0000000000000000        0.0000000000000000        5.6824048049747944E-002   0.0000000000000000        5.6824048049747944E-002   0.0000000000000000     
        5000  0.20000000000000001        1.1079830583184958E-003  0.34924639109522104        2.9656515297281236E-006  0.34813840803690255        1.3534331596792491E-005
        5000  0.40000000000000002        1.1079830583184958E-003  0.15411777398549020        5.4973408641062459E-005  0.15300979092717171        2.5088191720971546E-004
        5000  0.59999999999999998        1.1079830583184958E-003   7.6665489934384823E-002   2.8488947144703997E-004   7.5557506876066327E-002   1.3001489002831918E-003
        5000  0.80000000000000004        1.1079830583184958E-003   4.5238808961585164E-002   9.6760160598736902E-004   4.4130825903266668E-002   4.4158394395792588E-003
        5000   1.0000000000000000        1.1079830583184958E-003   2.8484403155744076E-002   2.6382434754715265E-003   2.7376420097425580E-002   1.2040140816335003E-002
        5000  -1.0000000000000000        0.0000000000000000        5.7394029805436730E-002   0.0000000000000000        5.7394029805436730E-002   0.0000000000000000     
        5000  0.20000000000000001        2.3866579867899418E-003  0.35938959009945393        2.8749303687474179E-006  0.35700293211266398        1.4734054288415655E-005
        5000  0.40000000000000002        2.3866579867899418E-003  0.15661347797140479        5.9776963226917388E-005  0.15422681998461485        3.0635768815707537E-004
        5000  0.59999999999999998        2.3866579867899418E-003   7.4428878026083112E-002   3.0715112293543063E-004   7.2042220039293170E-002   1.5741533670779728E-003
        5000  0.80000000000000004        2.3866579867899418E-003   4.4968665810301900E-002   9.8729456813847235E-004   4.2582007823511958E-002   5.0598970756805068E-003
        5000   1.0000000000000000        2.3866579867899418E-003   2.9159310040995479E-002   2.7673805262478446E-003   2.6772652054205537E-002   1.4182859993303151E-002
        5000  -1.0000000000000000        0.0000000000000000        5.8720326051115990E-002   0.0000000000000000        5.8720326051115990E-002   0.0000000000000000     
        5000  0.20000000000000001        1.2105230707675219E-003  0.35426957509480417        2.8456705965523652E-006  0.35305905202403665        1.8930969290502994E-005
        5000  0.40000000000000002        1.2105230707675219E-003  0.15377169218845665        5.2822898197479165E-005  0.15256116911768913        3.5140703383707418E-004
        5000  0.59999999999999998        1.2105230707675219E-003   7.4178529903292656E-002   2.6545113489682986E-004   7.2968006832525134E-002   1.7659272612049078E-003
        5000  0.80000000000000004        1.2105230707675219E-003   4.5709555968642235E-002   8.5273568401438992E-004   4.4499032897874713E-002   5.6728677825713409E-003
        5000   1.0000000000000000        1.2105230707675219E-003   2.7854136191308498E-002   2.4491306459677362E-003   2.6643613120540977E-002   1.6292966973555256E-002
       10000  -1.0000000000000000        0.0000000000000000       0.23737642611376941        0.0000000000000000       0.23737642611376941        0.0000000000000000     
       10000  0.20000000000000001        2.4335549678653479E-003   1.2503903219476342        2.7868516541588544E-006   1.2479567669797689        1.7799179536316624E-005
       10000  0.40000000000000002        2.4335549678653479E-003  0.42587054101750255        4.9566925102923790E-005  0.42343698604963720        3.1657608960042994E-004
       10000  0.59999999999999998        2.4335549678653479E-003  0.19637532997876406        2.4435475796916374E-004  0.19394177501089871        1.5606550858764954E-003
       10000  0.80000000000000004        2.4335549678653479E-003  0.10568148805759847        8.2383624195001600E-004  0.10324793308973312        5.2617114216000774E-003
       10000   1.0000000000000000        2.4335549678653479E-003   6.9573189830407500E-002   2.2938767181892106E-003   6.7139634862542152E-002   1.4650626803294931E-002
       10000  -1.0000000000000000        0.0000000000000000       0.23118827585130930        0.0000000000000000       0.23118827585130930        0.0000000000000000     
       10000  0.20000000000000001        2.3871930316090584E-003   1.2166495660785586        2.7263423081546299E-006   1.2142623730469495        1.6242036249282650E-005
       10000  0.40000000000000002        2.3871930316090584E-003  0.42465532617643476        4.8479292831901632E-005  0.42226813314482570        2.8881275442198647E-004
       10000  0.59999999999999998        2.3871930316090584E-003  0.19313780101947486        2.4242430085884259E-004  0.19075060798786581        1.4442296077345708E-003
       10000  0.80000000000000004        2.3871930316090584E-003  0.10659946314990520        8.1034757668630342E-004  0.10421227011829615        4.8276016829178012E-003
       10000   1.0000000000000000        2.3871930316090584E-003   6.7582637071609497E-002   2.4246571108281711E-003   6.5195444040000439E-002   1.4444763068951540E-002
       10000  -1.0000000000000000        0.0000000000000000       0.22588991001248360        0.0000000000000000       0.22588991001248360        0.0000000000000000     
       10000  0.20000000000000001        2.4491560179740191E-003   1.2222947841510177        2.7774214519669507E-006   1.2198456281330436        1.9019953820599128E-005
       10000  0.40000000000000002        2.4491560179740191E-003  0.43592468602582812        4.3722266274378671E-005  0.43347553000785410        2.9941278263033905E-004
       10000  0.59999999999999998        2.4491560179740191E-003  0.19587017199955881        2.2036495618227203E-004  0.19342101598158479        1.5090728442731993E-003
       10000  0.80000000000000004        2.4491560179740191E-003  0.10733822803013027        7.2431195606903725E-004  0.10488907201215625        4.9601330566466893E-003
       10000   1.0000000000000000        2.4491560179740191E-003   6.9211463909596205E-002   2.1580850990783273E-003   6.6762307891622186E-002   1.4778700184778910E-002
       10000  -1.0000000000000000        0.0000000000000000       0.22736130002886057        0.0000000000000000       0.22736130002886057        0.0000000000000000     
       10000  0.20000000000000001        2.3936398793011904E-003   1.2148445108905435        2.2743335445556550E-006   1.2124508710112423        1.6538653246839963E-005
       10000  0.40000000000000002        2.3936398793011904E-003  0.41668130480684340        3.9917789557049323E-005  0.41428766492754221        2.9027689515670891E-004
       10000  0.59999999999999998        2.3936398793011904E-003  0.18705544201657176        1.9453191589846651E-004  0.18466180213727057        1.4146104076026135E-003
       10000  0.80000000000000004        2.3936398793011904E-003  0.10134813771583140        6.2745747491578822E-004   9.8954497836530209E-002   4.5627879119188109E-003
       10000   1.0000000000000000        2.3936398793011904E-003   6.4258708851411939E-002   1.7885768231722650E-003   6.1865068972110748E-002   1.3006294505303077E-002
       10000  -1.0000000000000000        0.0000000000000000       0.22544187703169882        0.0000000000000000       0.22544187703169882        0.0000000000000000     
       10000  0.20000000000000001        2.3421600926667452E-003   1.2147498473059386        2.5438372516344415E-006   1.2124076872132719        1.5319101261047494E-005
       10000  0.40000000000000002        2.3421600926667452E-003  0.42727447208017111        4.2839315320323726E-005  0.42493231198750436        2.5798026541372826E-004
       10000  0.59999999999999998        2.3421600926667452E-003  0.19206870021298528        2.0758067427341297E-004  0.18972654012031853        1.2500600684999716E-003
       10000  0.80000000000000004        2.3421600926667452E-003  0.10557650122791529        6.9860605122381409E-004  0.10323434113524854        4.2070367644007041E-003
       10000   1.0000000000000000        2.3421600926667452E-003   6.8279696162790060E-002   1.9993078801494365E-003   6.5937536070123315E-002   1.2039921126377433E-002
       10000  -1.0000000000000000        0.0000000000000000       0.22604827512986958        0.0000000000000000       0.22604827512986958        0.0000000000000000     
       10000  0.20000000000000001        2.3561851121485233E-003   1.2000709101557732        2.6456633004457831E-006   1.1977147250436246        1.7087813595483123E-005
       10000  0.40000000000000002        2.3561851121485233E-003  0.41756292711943388        4.5638025338404259E-005  0.41520674200728536        2.9476693792335011E-004
       10000  0.59999999999999998        2.3561851121485233E-003  0.18801440414972603        2.3238936893342065E-004  0.18565821903757751        1.5009567609140394E-003
       10000  0.80000000000000004        2.3561851121485233E-003  0.10128645016811788        7.7247926383846167E-004   9.8930265055969357E-002   4.9892900826131285E-003
       10000   1.0000000000000000        2.3561851121485233E-003   6.7880945047363639E-002   2.2054371325955272E-003   6.5524759935215116E-002   1.4244480245086070E-002
       15000  -1.0000000000000000        0.0000000000000000       0.50515921786427498        0.0000000000000000       0.50515921786427498        0.0000000000000000     
       15000  0.20000000000000001        3.8046420086175203E-003   2.3834344390779734        2.5674103308937550E-006   2.3796297970693558        1.7261935063647584E-005
       15000  0.40000000000000002        3.8046420086175203E-003  0.75702408608049154        4.3725894670795902E-005  0.75321944407187402        2.9399023028173985E-004
       15000  0.59999999999999998        3.8046420086175203E-003  0.32626296486705542        2.1208521237319161E-004  0.32245832285843790        1.4259509358098947E-003
       15000  0.80000000000000004        3.8046420086175203E-003  0.16917605698108673        6.9592662233735540E-004  0.16537141497246921        4.6790495540574937E-003
       15000   1.0000000000000000        3.8046420086175203E-003  0.10827521909959614        2.0624945663816432E-003  0.10447057709097862        1.3867143419031145E-002
       15000  -1.0000000000000000        0.0000000000000000       0.51422132202424109        0.0000000000000000       0.51422132202424109        0.0000000000000000     
       15000  0.20000000000000001        3.8163550198078156E-003   2.3893758531194180        2.5262612229661631E-006   2.3855594980996102        1.2776778229618146E-005
       15000  0.40000000000000002        3.8163550198078156E-003  0.75719035300426185        4.1080983665697913E-005  0.75337399798445404        2.0777052387912066E-004
       15000  0.59999999999999998        3.8163550198078156E-003  0.33349929889664054        2.0177569877939721E-004  0.32968294387683272        1.0204975368317726E-003
       15000  0.80000000000000004        3.8163550198078156E-003  0.16636654711328447        6.6210761373151190E-004  0.16255019209347665        3.3486648442699507E-003
       15000   1.0000000000000000        3.8163550198078156E-003  0.10768658691085875        1.9875325912538395E-003  0.10387023189105093        1.0052112945300402E-002
       15000  -1.0000000000000000        0.0000000000000000       0.51110028615221381        0.0000000000000000       0.51110028615221381        0.0000000000000000     
       15000  0.20000000000000001        3.7824299652129412E-003   2.3760421760380268        2.2128757187872526E-006   2.3722597460728139        1.2280670765049396E-005
       15000  0.40000000000000002        3.7824299652129412E-003  0.73721501510590315        3.7988890158188557E-005  0.73343258514069021        2.1082478731250940E-004
       15000  0.59999999999999998        3.7824299652129412E-003  0.32067450997419655        1.8473621808071924E-004  0.31689208000898361        1.0252201031303338E-003
       15000  0.80000000000000004        3.7824299652129412E-003  0.17065206705592573        6.0987971233248252E-004  0.16686963709071279        3.3846148203672899E-003
       15000   1.0000000000000000        3.7824299652129412E-003  0.10821849200874567        1.8337846358521545E-003  0.10443606204353273        1.0176850500781064E-002
       15000  -1.0000000000000000        0.0000000000000000       0.51243853499181569        0.0000000000000000       0.51243853499181569        0.0000000000000000     
       15000  0.20000000000000001        3.9940390270203352E-003   2.3818456039298326        2.6129964094334537E-006   2.3778515649028122        1.6013566934495427E-005
       15000  0.40000000000000002        3.9940390270203352E-003  0.75227515515871346        4.3187926878835841E-005  0.74828111613169312        2.6467420901901738E-004
       15000  0.59999999999999998        3.9940390270203352E-003  0.32813935005106032        2.1720687452457115E-004  0.32414531102403998        1.3311372381816324E-003
       15000  0.80000000000000004        3.9940390270203352E-003  0.16613613790832460        7.1798766834997477E-004  0.16214209888130426        4.4001375370268910E-003
       15000   1.0000000000000000        3.9940390270203352E-003  0.10782929696142673        2.1629246072822250E-003  0.10383525793440640        1.3255333167675841E-002
       15000  -1.0000000000000000        0.0000000000000000       0.51571802003309131        0.0000000000000000       0.51571802003309131        0.0000000000000000     
       15000  0.20000000000000001        3.8978678639978170E-003   2.3578057799022645        2.7985301347023231E-006   2.3539079120382667        1.6752086113649304E-005
       15000  0.40000000000000002        3.8978678639978170E-003  0.76155836391262710        4.5340074616610006E-005  0.75766049604862928        2.7140705935529524E-004
       15000  0.59999999999999998        3.8978678639978170E-003  0.33422105899080634        2.3558182606525012E-004  0.33032319112680852        1.4101999432196953E-003
       15000  0.80000000000000004        3.8978678639978170E-003  0.16936758393421769        7.3625204397870681E-004  0.16546971607021987        4.4072270257663453E-003
       15000   1.0000000000000000        3.8978678639978170E-003  0.10794521286152303        2.1749032379356696E-003  0.10404734499752522        1.3019036628893940E-002
       15000  -1.0000000000000000        0.0000000000000000       0.51616772217676044        0.0000000000000000       0.51616772217676044        0.0000000000000000     
       15000  0.20000000000000001        3.7754599470645189E-003   2.4031574719119817        2.8373042199858795E-006   2.3993820119649172        1.7321691810565691E-005
       15000  0.40000000000000002        3.7754599470645189E-003  0.75165134784765542        4.5202004566685150E-005  0.74787588790059090        2.7595743410546226E-004
       15000  0.59999999999999998        3.7754599470645189E-003  0.36198319494724274        2.3128646951443819E-004  0.35820773500017822        1.4119997836900384E-003
       15000  0.80000000000000004        3.7754599470645189E-003  0.22782791685312986        7.5068214484958406E-004  0.22405245690606534        4.5829011458079182E-003
       15000   1.0000000000000000        3.7754599470645189E-003  0.10878755198791623        2.2514687636002620E-003  0.10501209204085171        1.3745176766555267E-002
       20000  -1.0000000000000000        0.0000000000000000       0.91187186189927161        0.0000000000000000       0.91187186189927161        0.0000000000000000     
       20000  0.20000000000000001        5.5461141746491194E-003   3.8093384332023561        2.3551392539679110E-006   3.8037923190277070        1.2850653692025174E-005
       20000  0.40000000000000002        5.5461141746491194E-003   1.1426410852000117        4.1372056490978964E-005   1.1370949710253626        2.2574375149866051E-004
       20000  0.59999999999999998        5.5461141746491194E-003  0.47613331722095609        2.0158792745542288E-004  0.47058720304630697        1.0999505187891659E-003
       20000  0.80000000000000004        5.5461141746491194E-003  0.25164697808213532        6.6349928441732998E-004  0.24610086390748620        3.6203377420627862E-003
       20000   1.0000000000000000        5.5461141746491194E-003  0.16192280221730471        1.9786544975936996E-003  0.15637668804265559        1.0796390778976475E-002
       20000  -1.0000000000000000        0.0000000000000000       0.91899993200786412        0.0000000000000000       0.91899993200786412        0.0000000000000000     
       20000  0.20000000000000001        5.3024140652269125E-003   3.7900377011392266        2.6968270589891772E-006   3.7847352870739996        1.6996001712860656E-005
       20000  0.40000000000000002        5.3024140652269125E-003   1.1027121071238071        4.2676305375529974E-005   1.0974096930585802        2.6895553307483441E-004
       20000  0.59999999999999998        5.3024140652269125E-003  0.46845984901301563        2.1117254752306809E-004  0.46315743494778872        1.3308561879961534E-003
       20000  0.80000000000000004        5.3024140652269125E-003  0.23211181815713644        6.9181348073051475E-004  0.22680940409190953        4.3599618537953529E-003
       20000   1.0000000000000000        5.3024140652269125E-003  0.14823878323659301        2.0911734690577445E-003  0.14293636917136610        1.3179038582961957E-002
       20000  -1.0000000000000000        0.0000000000000000       0.92589058214798570        0.0000000000000000       0.92589058214798570        0.0000000000000000     
       20000  0.20000000000000001        5.6228120811283588E-003   3.8536459780298173        2.5979322239747836E-006   3.8480231659486890        1.6604099300275365E-005
       20000  0.40000000000000002        5.6228120811283588E-003   1.1423256099224091        4.1868971431540148E-005   1.1367027978412807        2.6759611079693542E-004
       20000  0.59999999999999998        5.6228120811283588E-003  0.48488281620666385        2.0822613139136252E-004  0.47926000412553549        1.3308304699514468E-003
       20000  0.80000000000000004        5.6228120811283588E-003  0.24454184621572495        6.6920292550913128E-004  0.23891903413459659        4.2770599342995966E-003
       20000   1.0000000000000000        5.6228120811283588E-003  0.15277491905726492        2.0400762272515930E-003  0.14715210697613657        1.3038688209344668E-002
       20000  -1.0000000000000000        0.0000000000000000       0.91671080002561212        0.0000000000000000       0.91671080002561212        0.0000000000000000     
       20000  0.20000000000000001        5.5135039146989584E-003   3.8397415308281779        2.4433990758531239E-006   3.8342280269134790        1.1293626415815954E-005
       20000  0.40000000000000002        5.5135039146989584E-003   1.1490892549045384        4.1852429680515823E-005   1.1435757509898394        1.9344597044218810E-004
       20000  0.59999999999999998        5.5135039146989584E-003  0.48291284986771643        2.0155154498781742E-004  0.47739934595301747        9.3159069884160030E-004
       20000  0.80000000000000004        5.5135039146989584E-003  0.24180496274493635        6.6873812690402548E-004  0.23629145883023739        3.0909721829331547E-003
       20000   1.0000000000000000        5.5135039146989584E-003  0.15388740180060267        2.0785318637050916E-003  0.14837389788590372        9.6071749367666742E-003
       20000  -1.0000000000000000        0.0000000000000000       0.91150386794470251        0.0000000000000000       0.91150386794470251        0.0000000000000000     
       20000  0.20000000000000001        5.3784979972988367E-003   3.7661863139364868        2.5069192069598286E-006   3.7608078159391880        1.6308314707010411E-005
       20000  0.40000000000000002        5.3784979972988367E-003   1.1235796660184860        4.0603284182751269E-005   1.1182011680211872        2.6413740608478115E-004
       20000  0.59999999999999998        5.3784979972988367E-003  0.48773507797159255        2.0831375173485832E-004  0.48235657997429371        1.3551478690093037E-003
       20000  0.80000000000000004        5.3784979972988367E-003  0.25804514694027603        6.6912713729107808E-004  0.25266664894297719        4.3528869632689059E-003
       20000   1.0000000000000000        5.3784979972988367E-003  0.16096849297173321        2.0478666026696509E-003  0.15558999497443438        1.3322030060479759E-002
       20000  -1.0000000000000000        0.0000000000000000       0.91866875905543566        0.0000000000000000       0.91866875905543566        0.0000000000000000     
       20000  0.20000000000000001        5.8302509132772684E-003   3.8357062749564648        2.2345416737940348E-006   3.8298760240431875        1.5545653928921562E-005
       20000  0.40000000000000002        5.8302509132772684E-003   1.1369160939939320        3.6200535352780592E-005   1.1310858430806547        2.5184627399698663E-004
       20000  0.59999999999999998        5.8302509132772684E-003  0.47740323096513748        1.8187841197589072E-004  0.47157298005186021        1.2653238392812511E-003
       20000  0.80000000000000004        5.8302509132772684E-003  0.24852450308389962        6.0046491528389435E-004  0.24269425217062235        4.1774203090217373E-003
       20000   1.0000000000000000        5.8302509132772684E-003  0.15649194596335292        1.7901271330113592E-003  0.15066169505007565        1.2453872409242969E-002
       25000  -1.0000000000000000        0.0000000000000000        1.4165610349737108        0.0000000000000000        1.4165610349737108        0.0000000000000000     
       25000  0.20000000000000001        7.9346811398863792E-003   5.3407927202060819        2.8047827210220848E-006   5.3328580390661955        1.1769153993195776E-005
       25000  0.40000000000000002        7.9346811398863792E-003   1.4973299161065370        4.0441405097213371E-005   1.4893952349666506        1.6969625515835779E-004
       25000  0.59999999999999998        7.9346811398863792E-003  0.61885948712006211        2.0289971822790140E-004  0.61092480598017573        8.5138788509436228E-004
       25000  0.80000000000000004        7.9346811398863792E-003  0.31189481518231332        6.6674376649643763E-004  0.30396013404242694        2.7977247588862881E-003
       25000   1.0000000000000000        7.9346811398863792E-003  0.19164096703752875        2.0854558445747374E-003  0.18370628589764237        8.7507851488282818E-003
       25000  -1.0000000000000000        0.0000000000000000        1.4103280829731375        0.0000000000000000        1.4103280829731375        0.0000000000000000     
       25000  0.20000000000000001        6.8303029984235764E-003   5.3965592090971768        2.4635542969120133E-006   5.3897289060987532        1.5584457996254415E-005
       25000  0.40000000000000002        6.8303029984235764E-003   1.5111214760690928        3.8557087175053882E-005   1.5042911730706692        2.4391234497682683E-004
       25000  0.59999999999999998        6.8303029984235764E-003  0.63233632897026837        1.9637850920444237E-004  0.62550602597184479        1.2422915264745221E-003
       25000  0.80000000000000004        6.8303029984235764E-003  0.30438739014789462        6.3793046268158010E-004  0.29755708714947104        4.0355516063331582E-003
       25000   1.0000000000000000        6.8303029984235764E-003  0.19666698086075485        1.9590346373335376E-003  0.18983667786233127        1.2392863862185226E-002
       25000  -1.0000000000000000        0.0000000000000000        1.4190926637966186        0.0000000000000000        1.4190926637966186        0.0000000000000000     
       25000  0.20000000000000001        8.7087030988186598E-003   5.5662656540516764        2.6350144858203024E-006   5.5575569509528577        1.6439090542215703E-005
       25000  0.40000000000000002        8.7087030988186598E-003   1.5478690802119672        3.9572520927170859E-005   1.5391603771131486        2.4688147181208762E-004
       25000  0.59999999999999998        8.7087030988186598E-003  0.64214847213588655        1.9872992836775325E-004  0.63343976903706789        1.2398183400758461E-003
       25000  0.80000000000000004        8.7087030988186598E-003  0.31645997404120862        6.6006728935154638E-004  0.30775127094238997        4.1179682282570006E-003
       25000   1.0000000000000000        8.7087030988186598E-003  0.19400091003626585        2.3014360059339092E-003  0.18529220693744719        1.4357991230125976E-002
       25000  -1.0000000000000000        0.0000000000000000        1.4107097999658436        0.0000000000000000        1.4107097999658436        0.0000000000000000     
       25000  0.20000000000000001        6.9432959426194429E-003   5.6304094258230180        2.2774302653180071E-006   5.6234661298803985        1.6266924564979162E-005
       25000  0.40000000000000002        6.9432959426194429E-003   1.5722651488613337        3.5353618431759767E-005   1.5653218529187143        2.5251910141283303E-004
       25000  0.59999999999999998        6.9432959426194429E-003  0.65309157595038414        1.7296134678830845E-004  0.64614828000776470        1.2354051949290954E-003
       25000  0.80000000000000004        6.9432959426194429E-003  0.32433001580648124        5.6371131410717077E-004  0.31738671986386180        4.0264018453826057E-003
       25000   1.0000000000000000        6.9432959426194429E-003  0.20697397901676595        1.7217724218053650E-003  0.20003068307414651        1.2298045973169892E-002
       25000  -1.0000000000000000        0.0000000000000000        1.4218392109032720        0.0000000000000000        1.4218392109032720        0.0000000000000000     
       25000  0.20000000000000001        6.9355878513306379E-003   5.5527607756666839        2.3888092493757822E-006   5.5458251878153533        1.6077969171018923E-005
       25000  0.40000000000000002        6.9355878513306379E-003   1.5360027728602290        3.8831314845761280E-005   1.5290671850088984        2.6135560347626002E-004
       25000  0.59999999999999998        6.9355878513306379E-003  0.64925412088632584        1.9044463361463752E-004  0.64231853303499520        1.2817946635304829E-003
       25000  0.80000000000000004        6.9355878513306379E-003  0.32104154070839286        6.0651761033548158E-004  0.31410595285706222        4.0821892510681280E-003
       25000   1.0000000000000000        6.9355878513306379E-003  0.20030122692696750        1.9363720990216359E-003  0.19336563907563686        1.3032824165356187E-002
       25000  -1.0000000000000000        0.0000000000000000        1.4156593310181051        0.0000000000000000        1.4156593310181051        0.0000000000000000     
       25000  0.20000000000000001        7.2812780272215605E-003   5.5727632390335202        2.3389793597371319E-006   5.5654819610062987        1.3881465869588432E-005
       25000  0.40000000000000002        7.2812780272215605E-003   1.5532247400842607        3.7643841286730870E-005   1.5459434620570391        2.2341013649675211E-004
       25000  0.59999999999999998        7.2812780272215605E-003  0.64580008690245450        1.9326684649261492E-004  0.63851880887523293        1.1470076134454357E-003
       25000  0.80000000000000004        7.2812780272215605E-003  0.32157898996956646        6.3778140283359853E-004  0.31429771194234490        3.7851299280759016E-003
       25000   1.0000000000000000        7.2812780272215605E-003  0.20277765905484557        1.9699150704522756E-003  0.19549638102762401        1.1691128740676182E-002
       30000  -1.0000000000000000        0.0000000000000000        2.0547388701234013        0.0000000000000000        2.0547388701234013        0.0000000000000000     
       30000  0.20000000000000001        1.0693992953747511E-002   7.5408589388243854        2.2476328258192255E-006   7.5301649458706379        1.4975025257526551E-005
       30000  0.40000000000000002        1.0693992953747511E-002   2.0426519238390028        3.6596018735764730E-005   2.0319579308852553        2.4382376809844154E-004
       30000  0.59999999999999998        1.0693992953747511E-002  0.85347305610775948        1.7799190882799836E-004  0.84277906315401196        1.1858846781894331E-003
       30000  0.80000000000000004        1.0693992953747511E-002  0.41585687012411654        5.9204402368541768E-004  0.40516287717036903        3.9445384968629432E-003
       30000   1.0000000000000000        1.0693992953747511E-002  0.25070523493923247        1.8878874405175051E-003  0.24001124198548496        1.2578194169598147E-002
       30000  -1.0000000000000000        0.0000000000000000        2.0544262360781431        0.0000000000000000        2.0544262360781431        0.0000000000000000     
       30000  0.20000000000000001        9.6540339291095734E-003   7.5273189407307655        2.5189689376614394E-006   7.5176649068016559        1.4577133744174975E-005
       30000  0.40000000000000002        9.6540339291095734E-003   2.0628833589144051        3.8829253135445246E-005   2.0532293249852955        2.2470273756820987E-004
       30000  0.59999999999999998        9.6540339291095734E-003  0.82396802701987326        1.8842276051477230E-004  0.81431399309076369        1.0903920804281276E-003
       30000  0.80000000000000004        9.6540339291095734E-003  0.40187350683845580        6.2304551851165833E-004  0.39221947290934622        3.6055299119666950E-003
       30000   1.0000000000000000        9.6540339291095734E-003  0.24636152386665344        1.9617122095461946E-003  0.23670748993754387        1.1352319918912526E-002
       30000  -1.0000000000000000        0.0000000000000000        2.0339942499995232        0.0000000000000000        2.0339942499995232        0.0000000000000000     
       30000  0.20000000000000001        8.5356009658426046E-003   7.7040859460830688        2.3873781857877040E-006   7.6955503451172262        1.4354264098581495E-005
       30000  0.40000000000000002        8.5356009658426046E-003   2.0090473059099168        3.7306501141981549E-005   2.0005117049440742        2.2430772517482278E-004
       30000  0.59999999999999998        8.5356009658426046E-003  0.83482089312747121        1.8255290061264869E-004  0.82628529216162860        1.0976109955915787E-003
       30000  0.80000000000000004        8.5356009658426046E-003  0.42765771900303662        6.0859113983231816E-004  0.41912211803719401        3.6591931689815092E-003
       30000   1.0000000000000000        8.5356009658426046E-003  0.25924645201303065        1.8778728848542071E-003  0.25071085104718804        1.1290830875992350E-002
       30000  -1.0000000000000000        0.0000000000000000        2.0672444810625166        0.0000000000000000        2.0672444810625166        0.0000000000000000     
       30000  0.20000000000000001        8.7284690234810114E-003   7.4671993469819427        2.4785588958562732E-006   7.4584708779584616        1.6174458820636738E-005
       30000  0.40000000000000002        8.7284690234810114E-003   2.0655392401386052        3.7916425579255709E-005   2.0568107711151242        2.4743316173874439E-004
       30000  0.59999999999999998        8.7284690234810114E-003  0.82773484312929213        1.8359446721215864E-004  0.81900637410581112        1.1980918244808979E-003
       30000  0.80000000000000004        8.7284690234810114E-003  0.41072973795235157        6.0884313894559935E-004  0.40200126892887056        3.9731588769451849E-003
       30000   1.0000000000000000        8.7284690234810114E-003  0.26006919704377651        1.9048154953497905E-003  0.25134072802029550        1.2430352105795807E-002
       30000  -1.0000000000000000        0.0000000000000000        2.0593119401019067        0.0000000000000000        2.0593119401019067        0.0000000000000000     
       30000  0.20000000000000001        1.0096373967826366E-002   7.4755326318554580        2.2400212031498504E-006   7.4654362578876317        1.0293737712498727E-005
       30000  0.40000000000000002        1.0096373967826366E-002   2.0011176741681993        3.1205623613024979E-005   1.9910213002003729        1.4340154645667755E-004
       30000  0.59999999999999998        1.0096373967826366E-002  0.81997505784966052        1.5934878149400126E-004  0.80987868388183415        7.3226742639711942E-004
       30000  0.80000000000000004        1.0096373967826366E-002  0.41813221992924809        5.2834497451350736E-004  0.40803584596142173        2.4279433523714915E-003
       30000   1.0000000000000000        1.0096373967826366E-002  0.26036609616130590        1.6511872867340180E-003  0.25026972219347954        7.5878249812778090E-003
       30000  -1.0000000000000000        0.0000000000000000        2.0562502769753337        0.0000000000000000        2.0562502769753337        0.0000000000000000     
       30000  0.20000000000000001        1.1246237903833389E-002   7.4805342357140034        2.3418300938696754E-006   7.4692879978101701        1.5614790856543295E-005
       30000  0.40000000000000002        1.1246237903833389E-002   2.1769707358907908        3.6203915192761580E-005   2.1657244979869574        2.4139947872514722E-004
       30000  0.59999999999999998        1.1246237903833389E-002  0.85029959701932967        1.7184535434347270E-004  0.83905335911549628        1.1458257688148187E-003
       30000  0.80000000000000004        1.1246237903833389E-002  0.41450367891229689        5.8217782917452691E-004  0.40325744100846350        3.8818294579412486E-003
       30000   1.0000000000000000        1.1246237903833389E-002  0.26109110494144261        1.8352902573290865E-003  0.24984486703760922        1.2237298343831100E-002
       35000  -1.0000000000000000        0.0000000000000000        2.7993685570545495        0.0000000000000000        2.7993685570545495        0.0000000000000000     
       35000  0.20000000000000001        9.9989771842956543E-003   9.6385578440967947        2.4167561981261918E-006   9.6285588669124991        1.5992896222777444E-005
       35000  0.40000000000000002        9.9989771842956543E-003   2.4650838221423328        3.6155082083399988E-005   2.4550848449580371        2.3925643643083933E-004
       35000  0.59999999999999998        9.9989771842956543E-003   1.0207102291751653        1.8114857765088693E-004   1.0107112519908696        1.1987516181899552E-003
       35000  0.80000000000000004        9.9989771842956543E-003  0.46663058223202825        5.9184454230380788E-004  0.45663160504773259        3.9165342174030003E-003
       35000   1.0000000000000000        9.9989771842956543E-003  0.30218733032234013        1.8784503161722833E-003  0.29218835313804448        1.2430654357886605E-002
       35000  -1.0000000000000000        0.0000000000000000        2.8332194897811860        0.0000000000000000        2.8332194897811860        0.0000000000000000     
       35000  0.20000000000000001        1.1742756003513932E-002   9.4598683130461723        2.3543216006151450E-006   9.4481255570426583        1.5226099025118898E-005
       35000  0.40000000000000002        1.1742756003513932E-002   2.4513769398909062        3.7649312491590619E-005   2.4396341838873923        2.4348931771888066E-004
       35000  0.59999999999999998        1.1742756003513932E-002   1.0038081770762801        1.8893365742826110E-004  0.99206542107276618        1.2218902364184037E-003
       35000  0.80000000000000004        1.1742756003513932E-002  0.48414921783842146        6.1580796523562126E-004  0.47240646183490753        3.9826135293855609E-003
       35000   1.0000000000000000        1.1742756003513932E-002  0.29910580394789577        1.9340595863354133E-003  0.28736304794438183        1.2508139403864440E-002
       35000  -1.0000000000000000        0.0000000000000000        2.8006053341086954        0.0000000000000000        2.8006053341086954        0.0000000000000000     
       35000  0.20000000000000001        1.1818291153758764E-002   9.3093766020610929        2.1417875320467368E-006   9.2975583109073341        1.4102570307418276E-005
       35000  0.40000000000000002        1.1818291153758764E-002   2.4909674769733101        3.2930991006878432E-005   2.4791491858195513        2.1683365367416283E-004
       35000  0.59999999999999998        1.1818291153758764E-002  0.98670433717779815        1.6275313558442671E-004  0.97488604602403939        1.0716457645725392E-003
       35000  0.80000000000000004        1.1818291153758764E-002  0.47039551497437060        5.5762282825104080E-004  0.45857722382061183        3.6716597807985221E-003
       35000   1.0000000000000000        1.1818291153758764E-002  0.29769941512495279        1.7354472212514794E-003  0.28588112397119403        1.1427028165172175E-002
       35000  -1.0000000000000000        0.0000000000000000        2.8522010929882526        0.0000000000000000        2.8522010929882526        0.0000000000000000     
       35000  0.20000000000000001        1.1669220170006156E-002   9.2740789263043553        2.1435139570431534E-006   9.2624097061343491        1.4772592514665516E-005
       35000  0.40000000000000002        1.1669220170006156E-002   2.4574755800422281        3.4055828186982669E-005   2.4458063598722219        2.3470473373998502E-004
       35000  0.59999999999999998        1.1669220170006156E-002   1.0552878051530570        1.7280315056968884E-004   1.0436185849830508        1.1909185476626271E-003
       35000  0.80000000000000004        1.1669220170006156E-002  0.47931809420697391        5.7506302435404505E-004  0.46764887403696775        3.9631987004890099E-003
       35000   1.0000000000000000        1.1669220170006156E-002  0.29980912106111646        1.8300199622504902E-003  0.28813990089111030        1.2612065859054170E-002
       35000  -1.0000000000000000        0.0000000000000000        2.7967722699977458        0.0000000000000000        2.7967722699977458        0.0000000000000000     
       35000  0.20000000000000001        1.7480309121310711E-002   9.3133173491805792        2.2491293884293412E-006   9.2958370400592685        1.6308389806580800E-005
       35000  0.40000000000000002        1.7480309121310711E-002   2.3767912441398948        3.2327743977293289E-005   2.3593109350185841        2.3440779043717817E-004
       35000  0.59999999999999998        1.7480309121310711E-002  0.97818375611677766        1.5607933417994958E-004  0.96070344699546695        1.1317279635636110E-003
       35000  0.80000000000000004        1.7480309121310711E-002  0.49735933612100780        5.3356231000842606E-004  0.47987902699969709        3.8688490677691789E-003
       35000   1.0000000000000000        1.7480309121310711E-002  0.29580633202567697        1.7336444418046602E-003  0.27832602290436625        1.2570619319819006E-002
       35000  -1.0000000000000000        0.0000000000000000        2.8099240190349519        0.0000000000000000        2.8099240190349519        0.0000000000000000     
       35000  0.20000000000000001        1.1962271993979812E-002   9.4536443508695811        2.6105307693040890E-006   9.4416820788756013        1.6057161108193906E-005
       35000  0.40000000000000002        1.1962271993979812E-002   2.4594924089033157        3.7256667806069460E-005   2.4475301369093359        2.2916271447587474E-004
       35000  0.59999999999999998        1.1962271993979812E-002   1.0040409150533378        1.8616003923798907E-004  0.99207864305935800        1.1450551654478094E-003
       35000  0.80000000000000004        1.1962271993979812E-002  0.48529664915986359        6.2218199636911240E-004  0.47333437716588378        3.8269905383953012E-003
       35000   1.0000000000000000        1.1962271993979812E-002  0.29643743112683296        1.9967435381939335E-003  0.28447515913285315        1.2281806083853274E-002
       40000  -1.0000000000000000        0.0000000000000000        3.6441549211740494        0.0000000000000000        3.6441549211740494        0.0000000000000000     
       40000  0.20000000000000001        1.1713695945218205E-002   12.402338756946847        2.3451194644272414E-006   12.390625061001629        1.5878454193254024E-005
       40000  0.40000000000000002        1.1713695945218205E-002   3.1236534509807825        3.5432917525987427E-005   3.1119397550355643        2.3991100086969355E-004
       40000  0.59999999999999998        1.1713695945218205E-002   1.2381142820231616        1.7314260630811723E-004   1.2264005860779434        1.1723227685697083E-003
       40000  0.80000000000000004        1.1713695945218205E-002  0.58610952994786203        5.7913175761658783E-004  0.57439583400264382        3.9212147716404687E-003
       40000   1.0000000000000000        1.1713695945218205E-002  0.36377499182708561        1.8357742937119693E-003  0.35206129588186741        1.2429753995060551E-002
       40000  -1.0000000000000000        0.0000000000000000        3.7124978390056640        0.0000000000000000        3.7124978390056640        0.0000000000000000     
       40000  0.20000000000000001        1.3222971931099892E-002   12.424400900024921        2.2961318383679083E-006   12.411177928093821        1.4827128789904557E-005
       40000  0.40000000000000002        1.3222971931099892E-002   3.0971645188983530        3.5801922888000672E-005   3.0839415469672531        2.3118869427111766E-004
       40000  0.59999999999999998        1.3222971931099892E-002   1.2687752200290561        1.7663079146782731E-004   1.2555522480979562        1.1405823697030330E-003
       40000  0.80000000000000004        1.3222971931099892E-002  0.60690839099697769        5.8102572777647308E-004  0.59368541906587780        3.7519375638784304E-003
       40000   1.0000000000000000        1.3222971931099892E-002  0.37336160382255912        1.8708002702029465E-003  0.36013863189145923        1.2080576595377005E-002
       40000  -1.0000000000000000        0.0000000000000000        3.7701489911414683        0.0000000000000000        3.7701489911414683        0.0000000000000000     
       40000  0.20000000000000001        1.1958500836044550E-002   11.822204309981316        2.3362419293155889E-006   11.810245809145272        1.5951520584393441E-005
       40000  0.40000000000000002        1.1958500836044550E-002   3.0242628199048340        3.4376697452685623E-005   3.0123043190687895        2.3471909743552315E-004
       40000  0.59999999999999998        1.1958500836044550E-002   1.2732768210116774        1.6903971254950966E-004   1.2613183201756328        1.1541786064525376E-003
       40000  0.80000000000000004        1.1958500836044550E-002  0.56630634283646941        5.7422216458527704E-004  0.55434784200042486        3.9207055414335360E-003
       40000   1.0000000000000000        1.1958500836044550E-002  0.34721161890774965        1.8314003897079518E-003  0.33525311807170510        1.2504535873667335E-002
       40000  -1.0000000000000000        0.0000000000000000        3.6600082349032164        0.0000000000000000        3.6600082349032164        0.0000000000000000     
       40000  0.20000000000000001        1.4990889932960272E-002   11.827445529866964        2.2544994116218838E-006   11.812454639934003        1.4858858838410571E-005
       40000  0.40000000000000002        1.4990889932960272E-002   3.0353011528495699        3.3100745111433821E-005   3.0203102629166096        2.1815898310799530E-004
       40000  0.59999999999999998        1.4990889932960272E-002   1.2316550817340612        1.6917940118946366E-004   1.2166641918011010        1.1150204021710681E-003
       40000  0.80000000000000004        1.4990889932960272E-002  0.57877022889442742        5.4483456984698937E-004  0.56377933896146715        3.5908725111702647E-003
       40000   1.0000000000000000        1.4990889932960272E-002  0.36257599992677569        1.7642242988453391E-003  0.34758510999381542        1.1627574476490186E-002
       40000  -1.0000000000000000        0.0000000000000000        3.6614150342065841        0.0000000000000000        3.6614150342065841        0.0000000000000000     
       40000  0.20000000000000001        1.6119796084240079E-002   11.999691614182666        2.3259828420071465E-006   11.983571818098426        1.5718916199744193E-005
       40000  0.40000000000000002        1.6119796084240079E-002   3.0315187792293727        3.4977923219169788E-005   3.0153989831451327        2.3637966454162146E-004
       40000  0.59999999999999998        1.6119796084240079E-002   1.1883023972623050        1.7648262466127583E-004   1.1721826011780649        1.1926638226478284E-003
       40000  0.80000000000000004        1.6119796084240079E-002  0.56513745500706136        5.6861242302015441E-004  0.54901765892282128        3.8426642132383549E-003
       40000   1.0000000000000000        1.6119796084240079E-002  0.35354502219706774        1.7684744643769901E-003  0.33742522611282766        1.1951292763166478E-002
       40000  -1.0000000000000000        0.0000000000000000        3.7518707590643317        0.0000000000000000        3.7518707590643317        0.0000000000000000     
       40000  0.20000000000000001        1.5284245135262609E-002   11.545462223002687        2.1725633084179337E-006   11.530177977867424        1.3313953818280903E-005
       40000  0.40000000000000002        1.5284245135262609E-002   2.9254400092177093        3.3423216416888819E-005   2.9101557640824467        2.0482494485139424E-004
       40000  0.59999999999999998        1.5284245135262609E-002   1.1984759501647204        1.6657417295729701E-004   1.1831917050294578        1.0208037839351928E-003
       40000  0.80000000000000004        1.5284245135262609E-002  0.55286433314904571        5.5467445998644022E-004  0.53758008801378310        3.3991691362113053E-003
       40000   1.0000000000000000        1.5284245135262609E-002  0.34734203224070370        1.7748106844120101E-003  0.33205778710544109        1.0876436786396925E-002
       45000  -1.0000000000000000        0.0000000000000000        4.6643535529728979        0.0000000000000000        4.6643535529728979        0.0000000000000000     
       45000  0.20000000000000001        1.5795510029420257E-002   13.992138060973957        2.3423864522091407E-006   13.976342550944537        1.5132178506037890E-005
       45000  0.40000000000000002        1.5795510029420257E-002   3.5415525569114834        3.4577101928383517E-005   3.5257570468820632        2.2337342248043780E-004
       45000  0.59999999999999998        1.5795510029420257E-002   1.4144806941039860        1.6982398319773253E-004   1.3986851840745658        1.0970891784021560E-003
       45000  0.80000000000000004        1.5795510029420257E-002  0.63520414009690285        5.7299851356477363E-004  0.61940863006748259        3.7016589567357852E-003
       45000   1.0000000000000000        1.5795510029420257E-002  0.38976587099023163        1.8819368811528597E-003  0.37397036096081138        1.2157603112775616E-002
       45000  -1.0000000000000000        0.0000000000000000        4.6119969999417663        0.0000000000000000        4.6119969999417663        0.0000000000000000     
       45000  0.20000000000000001        1.3897700002416968E-002   14.053829865064472        2.3255683921585209E-006   14.039932165062055        1.5441925982921942E-005
       45000  0.40000000000000002        1.3897700002416968E-002   3.3076099411118776        3.3774787782341109E-005   3.2937122411094606        2.2426679635928622E-004
       45000  0.59999999999999998        1.3897700002416968E-002   1.3022602498531342        1.7253981540208224E-004   1.2883625498507172        1.1456756410732794E-003
       45000  0.80000000000000004        1.3897700002416968E-002  0.65417327103205025        5.7108242468318477E-004  0.64027557102963328        3.7920245914247956E-003
       45000   1.0000000000000000        1.3897700002416968E-002  0.41483993991278112        1.8147728276745178E-003  0.40094223991036415        1.2050210079935441E-002
       45000  -1.0000000000000000        0.0000000000000000        4.6560075771994889        0.0000000000000000        4.6560075771994889        0.0000000000000000     
       45000  0.20000000000000001        1.5079038916155696E-002   13.518929433776066        2.2971933338975335E-006   13.503850394859910        1.1399815550328429E-005
       45000  0.40000000000000002        1.5079038916155696E-002   3.4069512600544840        3.4011251930085893E-005   3.3918722211383283        1.6878074340434480E-004
       45000  0.59999999999999998        1.5079038916155696E-002   1.3390962039120495        1.7221945742915796E-004   1.3240171649958938        8.5463858000103853E-004
       45000  0.80000000000000004        1.5079038916155696E-002  0.64281791797839105        5.7617713197009879E-004  0.62773887906223536        2.8592774199079872E-003
       45000   1.0000000000000000        1.5079038916155696E-002  0.40061883977614343        1.8536094225612243E-003  0.38553980085998774        9.1985316201911305E-003
       45000  -1.0000000000000000        0.0000000000000000        4.6670479890890419        0.0000000000000000        4.6670479890890419        0.0000000000000000     
       45000  0.20000000000000001        1.6196207143366337E-002   13.813444126164541        2.2834242453929324E-006   13.797247919021174        1.4951900233106193E-005
       45000  0.40000000000000002        1.6196207143366337E-002   3.3062538290396333        3.2604629254758422E-005   3.2900576218962669        2.1349565887204372E-004
       45000  0.59999999999999998        1.6196207143366337E-002   1.3314981593284756        1.6735719316741450E-004   1.3153019521851093        1.0958577060660335E-003
       45000  0.80000000000000004        1.6196207143366337E-002  0.61697248113341630        5.5397253120060218E-004  0.60077627399004996        3.6274214198717060E-003
       45000   1.0000000000000000        1.6196207143366337E-002  0.40711409715004265        1.8189236281513936E-003  0.39091789000667632        1.1910342405547692E-002
       45000  -1.0000000000000000        0.0000000000000000        4.6385301609989256        0.0000000000000000        4.6385301609989256        0.0000000000000000     
       45000  0.20000000000000001        1.5739666065201163E-002   13.561446927255020        2.2064121840074728E-006   13.545707261189818        1.4375298860683785E-005
       45000  0.40000000000000002        1.5739666065201163E-002   3.4243520272430032        3.3501347651322325E-005   3.4086123611778021        2.1826922830380549E-004
       45000  0.59999999999999998        1.5739666065201163E-002   1.3229355779476464        1.6695498933129915E-004   1.3071959118824452        1.0877513663655374E-003
       45000  0.80000000000000004        1.5739666065201163E-002  0.63106196699663997        5.3760775234756224E-004  0.61532230093143880        3.5026420565625856E-003
       45000   1.0000000000000000        1.5739666065201163E-002  0.39219449809752405        1.7559049426996050E-003  0.37645483203232288        1.1440137298558884E-002
       45000  -1.0000000000000000        0.0000000000000000        4.6525302270893008        0.0000000000000000        4.6525302270893008        0.0000000000000000     
       45000  0.20000000000000001        1.3457863125950098E-002   13.666017742129043        2.1219809190828700E-006   13.652559879003093        1.4353907453079244E-005
       45000  0.40000000000000002        1.3457863125950098E-002   3.3446276001632214        3.1357272363778596E-005   3.3311697370372713        2.1211283355234523E-004
       45000  0.59999999999999998        1.3457863125950098E-002   1.3671073089353740        1.5763850694467204E-004   1.3536494458094239        1.0663284101081242E-003
       45000  0.80000000000000004        1.3457863125950098E-002  0.68311940203420818        5.2110229838001748E-004  0.66966153890825808        3.5249394079219553E-003
       45000   1.0000000000000000        1.3457863125950098E-002  0.42520900908857584        1.6669083424484346E-003  0.41175114596262574        1.1275618864005509E-002
       50000  -1.0000000000000000        0.0000000000000000        5.7865278061944991        0.0000000000000000        5.7865278061944991        0.0000000000000000     
       50000  0.20000000000000001        1.4805318089202046E-002   15.945198200177401        2.2821040753532036E-006   15.930392882088199        1.5650692100395167E-005
       50000  0.40000000000000002        1.4805318089202046E-002   3.7805995000526309        3.4193689652104477E-005   3.7657941819634289        2.3450065853755116E-004
       50000  0.59999999999999998        1.4805318089202046E-002   1.5044547300785780        1.6544086705251352E-004   1.4896494119893759        1.1345950866244157E-003
       50000  0.80000000000000004        1.4805318089202046E-002  0.74762988812290132        5.5358644519521588E-004  0.73282457003369927        3.7965012631431673E-003
       50000   1.0000000000000000        1.4805318089202046E-002  0.45899714925326407        1.7876149316054034E-003  0.44419183116406202        1.2259480709395358E-002
       50000  -1.0000000000000000        0.0000000000000000        5.7200637150090188        0.0000000000000000        5.7200637150090188        0.0000000000000000     
       50000  0.20000000000000001        1.7442448064684868E-002   15.946935724932700        2.1534044714902642E-006   15.929493276868016        1.5226173117991843E-005
       50000  0.40000000000000002        1.7442448064684868E-002   3.6718593831174076        3.1816250618974245E-005   3.6544169350527227        2.2496458343223384E-004
       50000  0.59999999999999998        1.7442448064684868E-002   1.5569623711053282        1.5946062406602690E-004   1.5395199230406433        1.1275053524208859E-003
       50000  0.80000000000000004        1.7442448064684868E-002  0.74445152399130166        5.3073961554003638E-004  0.72700907592661679        3.7527242902010310E-003
       50000   1.0000000000000000        1.7442448064684868E-002  0.47029604413546622        1.7358427369586775E-003  0.45285359607078135        1.2273700722953616E-002
       50000  -1.0000000000000000        0.0000000000000000        5.7334227389656007        0.0000000000000000        5.7334227389656007        0.0000000000000000     
       50000  0.20000000000000001        1.6004383098334074E-002   16.659096775110811        2.2470982100109002E-006   16.643092392012477        7.6357225276662851E-006
       50000  0.40000000000000002        1.6004383098334074E-002   4.0155382030643523        3.2294435238316043E-005   3.9995338199660182        1.0973768105412428E-004
       50000  0.59999999999999998        1.6004383098334074E-002   1.6473293351009488        1.5933056097709413E-004   1.6313249520026147        5.4141111784900703E-004
       50000  0.80000000000000004        1.6004383098334074E-002  0.73546642600558698        5.3907169297288764E-004  0.71946204290725291        1.8317854785885456E-003
       50000   1.0000000000000000        1.6004383098334074E-002  0.46270348015241325        1.7275421663645501E-003  0.44669909705407917        5.8702519446799011E-003
       50000  -1.0000000000000000        0.0000000000000000        5.7063263079617172        0.0000000000000000        5.7063263079617172        0.0000000000000000     
       50000  0.20000000000000001        1.5071376925334334E-002   16.773809139849618        2.2217383358250072E-006   16.758737762924284        1.5736479479551007E-005
       50000  0.40000000000000002        1.5071376925334334E-002   3.9383676350116730        3.1527077642507690E-005   3.9232962580863386        2.2330496907382446E-004
       50000  0.59999999999999998        1.5071376925334334E-002   1.6951103080064058        1.5663907452007439E-004   1.6800389310810715        1.1094679972588634E-003
       50000  0.80000000000000004        1.5071376925334334E-002  0.72352657490409911        5.1763965794823146E-004  0.70845519797876477        3.6664199936394951E-003
       50000   1.0000000000000000        1.5071376925334334E-002  0.44217043882235885        1.7021009588198057E-003  0.42709906189702451        1.2055909725591401E-002
       50000  -1.0000000000000000        0.0000000000000000        5.7532240790314972        0.0000000000000000        5.7532240790314972        0.0000000000000000     
       50000  0.20000000000000001        1.5569050097838044E-002   17.166722165187821        2.2572593542520068E-006   17.151153115089983        5.0130192731169609E-006
       50000  0.40000000000000002        1.5569050097838044E-002   4.0832386559341103        3.2568663366274303E-005   4.0676696058362722        7.2329897247848019E-005
       50000  0.59999999999999998        1.5569050097838044E-002   1.6613218041602522        1.6650932212967928E-004   1.6457527540624142        3.6979110947856679E-004
       50000  0.80000000000000004        1.5569050097838044E-002  0.74087641597725451        5.4911687277958091E-004  0.72530736587941647        1.2195025180657335E-003
       50000   1.0000000000000000        1.5569050097838044E-002  0.43712381320074201        1.7694053280367535E-003  0.42155476310290396        3.9295719362932389E-003
       50000  -1.0000000000000000        0.0000000000000000        5.7397550379391760        0.0000000000000000        5.7397550379391760        0.0000000000000000     
       50000  0.20000000000000001        1.6758698038756847E-002   16.787374196108431        2.2275064621381805E-006   16.770615498069674        1.4143631272988076E-005
       50000  0.40000000000000002        1.6758698038756847E-002   4.1622380681801587        3.2243249649047863E-005   4.1454793701414019        2.0472965705396260E-004
       50000  0.59999999999999998        1.6758698038756847E-002   1.6088281101547182        1.6176825545149751E-004   1.5920694121159613        1.0271532746011810E-003
       50000  0.80000000000000004        1.6758698038756847E-002  0.73272385704331100        5.4042310985581265E-004  0.71596515900455415        3.4314357004671106E-003
       50000   1.0000000000000000        1.6758698038756847E-002  0.44482102617621422        1.7460513948787933E-003  0.42806232813745737        1.1086615250106601E-002
