        5000  -1.0000000000000000        0.0000000000000000        5.7408253895118833E-002   0.0000000000000000        5.7408253895118833E-002   0.0000000000000000     
        5000  0.20000000000000001        1.2344850692898035E-003  0.19602022413164377        5.0192893873732509E-005  0.19478573906235397        3.6783443904060762E-004
        5000  0.40000000000000002        1.2344850692898035E-003   5.7609802111983299E-002   5.5666997956366584E-004   5.6375317042693496E-002   4.0795095452885611E-003
        5000  0.59999999999999998        1.2344850692898035E-003   2.3920396110042930E-002   2.2841308525508005E-003   2.2685911040753126E-002   1.6739062564453205E-002
        5000  0.80000000000000004        1.2344850692898035E-003   1.2602399103343487E-002   7.2838341154531413E-003   1.1367914034053683E-002   5.3378971187885184E-002
        5000   1.0000000000000000        1.2344850692898035E-003   7.9552798997610807E-003   1.1404473540978675E-002   6.7207948304712772E-003   8.3576733751442325E-002
        5000  -1.0000000000000000        0.0000000000000000        5.8049438055604696E-002   0.0000000000000000        5.8049438055604696E-002   0.0000000000000000     
        5000  0.20000000000000001        1.1975229717791080E-003  0.20164659782312810        4.9658650553715672E-005  0.20044907485134900        3.2637315782310899E-004
        5000  0.40000000000000002        1.1975229717791080E-003   5.7788601843640208E-002   5.7008640179422227E-004   5.6591078871861100E-002   3.7467973275740196E-003
        5000  0.59999999999999998        1.1975229717791080E-003   2.4471203796565533E-002   2.4689180142743916E-003   2.3273680824786425E-002   1.6226549850634236E-002
        5000  0.80000000000000004        1.1975229717791080E-003   1.3447524979710579E-002   7.4345199324027632E-003   1.2250002007931471E-002   4.8862136207516831E-002
        5000   1.0000000000000000        1.1975229717791080E-003   8.5005341097712517E-003   4.4820468124581896E-002   7.3030111379921436E-003  0.29457501470174863     
        5000  -1.0000000000000000        0.0000000000000000        5.7365735992789268E-002   0.0000000000000000        5.7365735992789268E-002   0.0000000000000000     
        5000  0.20000000000000001        1.2007560580968857E-003  0.19717331905849278        6.2401106617075589E-005  0.19597256300039589        3.4245119569899864E-004
        5000  0.40000000000000002        1.2007560580968857E-003   6.0730142984539270E-002   6.9819641045590396E-004   5.9529386926442385E-002   3.8316339013120277E-003
        5000  0.59999999999999998        1.2007560580968857E-003   2.3721819976344705E-002   3.1403475600335386E-003   2.2521063918247819E-002   1.7233921562372401E-002
        5000  0.80000000000000004        1.2007560580968857E-003   1.2371429009363055E-002   9.1917081740627831E-003   1.1170672951266170E-002   5.0443199253500284E-002
        5000   1.0000000000000000        1.2007560580968857E-003   7.8703709878027439E-003   1.5972783159931826E-002   6.6696149297058582E-003   8.7657078348393994E-002
        5000  -1.0000000000000000        0.0000000000000000        5.7585300877690315E-002   0.0000000000000000        5.7585300877690315E-002   0.0000000000000000     
        5000  0.20000000000000001        1.1558791156858206E-003  0.19629729003645480        5.5722167819166312E-005  0.19514141092076898        3.8273379972296044E-004
        5000  0.40000000000000002        1.1558791156858206E-003   5.6250323075801134E-002   6.2239024638375694E-004   5.5094443960115314E-002   4.2749554303418485E-003
        5000  0.59999999999999998        1.1558791156858206E-003   2.3718502139672637E-002   2.6558450202019386E-003   2.2562623023986816E-002   1.8241961787200237E-002
        5000  0.80000000000000004        1.1558791156858206E-003   1.3400112045928836E-002   6.9916649323486452E-003   1.2244232930243015E-002   4.8023014729644965E-002
        5000   1.0000000000000000        1.1558791156858206E-003   7.7506571542471647E-003   1.1944067259593464E-002   6.5947780385613441E-003   8.2039131378489311E-002
        5000  -1.0000000000000000        0.0000000000000000        5.7682685088366270E-002   0.0000000000000000        5.7682685088366270E-002   0.0000000000000000     
        5000  0.20000000000000001        1.2019260320812464E-003  0.19442192395217717        6.1032505741512228E-005  0.19321999792009592        3.5445163337068840E-004
        5000  0.40000000000000002        1.2019260320812464E-003   5.6057950016111135E-002   6.9994321478857187E-004   5.4856023984029889E-002   4.0649816476368830E-003
        5000  0.59999999999999998        1.2019260320812464E-003   2.2995733888819814E-002   2.8143981523708487E-003   2.1793807856738567E-002   1.6344864264433812E-002
        5000  0.80000000000000004        1.2019260320812464E-003   1.2113052885979414E-002   6.5934044302776050E-003   1.0911126853898168E-002   3.8291774872940422E-002
        5000   1.0000000000000000        1.2019260320812464E-003   7.7919689938426018E-003   1.2894532152990815E-002   6.5900429617613554E-003   7.4886127116189555E-002
        5000  -1.0000000000000000        0.0000000000000000        5.7020678883418441E-002   0.0000000000000000        5.7020678883418441E-002   0.0000000000000000     
        5000  0.20000000000000001        1.1445910204201937E-003  0.19123095693066716        6.1844594829034227E-005  0.19008636591024697        4.0324743592885088E-004
        5000  0.40000000000000002        1.1445910204201937E-003   5.5378750897943974E-002   6.6015423373678083E-004   5.4234159877523780E-002   4.3044263254992891E-003
        5000  0.59999999999999998        1.1445910204201937E-003   2.3061976069584489E-002   3.4879314410130096E-003   2.1917385049164295E-002   2.2742479179826521E-002
        5000  0.80000000000000004        1.1445910204201937E-003   1.2360058026388288E-002   9.2676357004876034E-003   1.1215467005968094E-002   6.0428083386679779E-002
        5000   1.0000000000000000        1.1445910204201937E-003   7.7309049665927887E-003   1.4489246291509984E-002   6.5863139461725950E-003   9.4474730277479491E-002
       10000  -1.0000000000000000        0.0000000000000000       0.22648320603184402        0.0000000000000000       0.22648320603184402        0.0000000000000000     
       10000  0.20000000000000001        2.4652918800711632E-003  0.52927449392154813        5.2348454418205831E-005  0.52680920204147696        3.1224044329899878E-004
       10000  0.40000000000000002        2.4652918800711632E-003  0.13039203197695315        5.9955419968345811E-004  0.12792674009688199        3.5761336446608239E-003
       10000  0.59999999999999998        2.4652918800711632E-003   5.8125718962401152E-002   2.5862842440891281E-003   5.5660427082329988E-002   1.5426291909599472E-002
       10000  0.80000000000000004        2.4652918800711632E-003   2.5945384986698627E-002   6.2889848590552567E-003   2.3480093106627464E-002   3.7511621730118828E-002
       10000   1.0000000000000000        2.4652918800711632E-003   1.6362670809030533E-002   1.0829623414484528E-002   1.3897378928959370E-002   6.4594961843302504E-002
       10000  -1.0000000000000000        0.0000000000000000       0.22591249202378094        0.0000000000000000       0.22591249202378094        0.0000000000000000     
       10000  0.20000000000000001        2.4755478370934725E-003  0.53449570690281689        4.2358484599175332E-005  0.53202015906572342        2.3215659004979309E-004
       10000  0.40000000000000002        2.4755478370934725E-003  0.12993051065132022        6.1964329032345724E-004  0.12745496281422675        3.3961147262460954E-003
       10000  0.59999999999999998        2.4755478370934725E-003   5.6197489844635129E-002   2.1404422953336232E-003   5.3721942007541656E-002   1.1731245562375016E-002
       10000  0.80000000000000004        2.4755478370934725E-003   2.5997146964073181E-002   7.3956489418084978E-003   2.3521599126979709E-002   4.0533759783489713E-002
       10000   1.0000000000000000        2.4755478370934725E-003   1.6123923938721418E-002   1.9133251032063547E-002   1.3648376101627946E-002  0.10486471265917374     
       10000  -1.0000000000000000        0.0000000000000000       0.22595924395136535        0.0000000000000000       0.22595924395136535        0.0000000000000000     
       10000  0.20000000000000001        2.4648339021950960E-003  0.52731090690940619        4.6673545538815990E-005  0.52484607300721109        2.8157085002950347E-004
       10000  0.40000000000000002        2.4648339021950960E-003  0.12926567276008427        5.3345459537561799E-004  0.12680083885788918        3.2182098475278592E-003
       10000  0.59999999999999998        2.4648339021950960E-003   5.7744895806536078E-002   2.4011896860851845E-003   5.5280061904340982E-002   1.4485829460519560E-002
       10000  0.80000000000000004        2.4648339021950960E-003   2.7302457019686699E-002   6.7890077570490655E-003   2.4837623117491603E-002   4.0956534648078746E-002
       10000   1.0000000000000000        2.4648339021950960E-003   1.6513270093128085E-002   1.6391247276423170E-002   1.4048436190932989E-002   9.8884654580782827E-002
       10000  -1.0000000000000000        0.0000000000000000       0.22677168087102473        0.0000000000000000       0.22677168087102473        0.0000000000000000     
       10000  0.20000000000000001        2.5224899873137474E-003  0.52177926502190530        4.2822420284732476E-005  0.51925677503459156        1.3083564541859215E-004
       10000  0.40000000000000002        2.5224899873137474E-003  0.12893518502824008        5.1041591874167438E-004  0.12641269504092634        1.5594773886309272E-003
       10000  0.59999999999999998        2.5224899873137474E-003   4.9237613100558519E-002   3.0188366831304320E-003   4.6715123113244772E-002   9.2234731998908429E-003
       10000  0.80000000000000004        2.5224899873137474E-003   3.0785918934270740E-002   6.1759179683884132E-003   2.8263428946956992E-002   1.8869326116405107E-002
       10000   1.0000000000000000        2.5224899873137474E-003   2.1388444118201733E-002   1.1186873208045468E-002   1.8865954130887985E-002   3.4179333317888590E-002
       10000  -1.0000000000000000        0.0000000000000000       0.22894015186466277        0.0000000000000000       0.22894015186466277        0.0000000000000000     
       10000  0.20000000000000001        2.5113921146839857E-003  0.54078004998154938        4.9995976329138194E-005  0.53826865786686540        2.9357676044179356E-004
       10000  0.40000000000000002        2.5113921146839857E-003  0.13202642416581511        6.3132942625372635E-004  0.12951503205113113        3.7071712833643567E-003
       10000  0.59999999999999998        2.5113921146839857E-003   5.0774815026670694E-002   2.5005626257453895E-003   4.8263422911986709E-002   1.4683323116150671E-002
       10000  0.80000000000000004        2.5113921146839857E-003   3.3441509120166302E-002   5.9109213099490590E-003   3.0930117005482316E-002   3.4708975737910548E-002
       10000   1.0000000000000000        2.5113921146839857E-003   4.0094220079481602E-002   1.1320332158070427E-002   3.7582827964797616E-002   6.6473078157581023E-002
       10000  -1.0000000000000000        0.0000000000000000       0.23410778678953648        0.0000000000000000       0.23410778678953648        0.0000000000000000     
       10000  0.20000000000000001        2.8757869731634855E-003  0.55115914810448885        5.2477944528235247E-005  0.54828336113132536        2.5106481243890609E-004
       10000  0.40000000000000002        2.8757869731634855E-003  0.13617155910469592        6.5099448114764658E-004  0.13329577213153243        3.1144856906535016E-003
       10000  0.59999999999999998        2.8757869731634855E-003   5.4850131971761584E-002   2.3962345156070229E-003   5.1974344998598099E-002   1.1464057417432189E-002
       10000  0.80000000000000004        2.8757869731634855E-003   2.7772614033892751E-002   6.4722600823844643E-003   2.4896827060729265E-002   3.0964565747528133E-002
       10000   1.0000000000000000        2.8757869731634855E-003   1.6790298977866769E-002   6.4745217540247146E-002   1.3914512004703283E-002  0.30975386029672608     
       15000  -1.0000000000000000        0.0000000000000000       0.51726061617955565        0.0000000000000000       0.51726061617955565        0.0000000000000000     
       15000  0.20000000000000001        4.6267809811979532E-003  0.97152899601496756        4.0318298496323039E-005  0.96690221503376961        2.4901591290482736E-004
       15000  0.40000000000000002        4.6267809811979532E-003  0.22476183297112584        4.8522913418895037E-004  0.22013505198992789        2.9968967026001840E-003
       15000  0.59999999999999998        4.6267809811979532E-003   8.5776927880942822E-002   2.3165335762540995E-003   8.1150146899744868E-002   1.4307491753854823E-002
       15000  0.80000000000000004        4.6267809811979532E-003   4.2403429048135877E-002   5.5589220072568054E-003   3.7776648066937923E-002   3.4333295055346429E-002
       15000   1.0000000000000000        4.6267809811979532E-003   2.7455064933747053E-002   1.5169334193978166E-002   2.2828283952549100E-002   9.3689608523940579E-002
       15000  -1.0000000000000000        0.0000000000000000       0.51228060503490269        0.0000000000000000       0.51228060503490269        0.0000000000000000     
       15000  0.20000000000000001        4.3972879648208618E-003  0.95043819374404848        4.1480838900827808E-005  0.94604090577922761        2.7442440143059791E-004
       15000  0.40000000000000002        4.3972879648208618E-003  0.21553856879472733        4.5302193915507490E-004  0.21114128082990646        2.9970530438110112E-003
       15000  0.59999999999999998        4.3972879648208618E-003   8.0817409092560410E-002   1.8379798244226283E-003   7.6420121127739549E-002   1.2159506088210514E-002
       15000  0.80000000000000004        4.3972879648208618E-003   4.2827505851164460E-002   5.1671928366489551E-003   3.8430217886343598E-002   3.4184549754743866E-002
       15000   1.0000000000000000        4.3972879648208618E-003   2.5575726991519332E-002   1.1886127152215474E-002   2.1178439026698470E-002   7.8634941228481622E-002
       15000  -1.0000000000000000        0.0000000000000000       0.51646834914572537        0.0000000000000000       0.51646834914572537        0.0000000000000000     
       15000  0.20000000000000001        4.1347560472786427E-003  0.94814252201467752        4.1748224415907719E-005  0.94400776596739888        2.6840718703037222E-004
       15000  0.40000000000000002        4.1347560472786427E-003  0.21555968606844544        5.8092165900954992E-004  0.21142493002116680        3.7348546090587116E-003
       15000  0.59999999999999998        4.1347560472786427E-003   8.0713944043964148E-002   2.1313644486316494E-003   7.6579187996685505E-002   1.3702942920268935E-002
       15000  0.80000000000000004        4.1347560472786427E-003   4.1606112150475383E-002   5.5016800048280825E-003   3.7471356103196740E-002   3.5371335540547520E-002
       15000   1.0000000000000000        4.1347560472786427E-003   2.4995947023853660E-002   1.0924151946548354E-002   2.0861190976575017E-002   7.0233427545439653E-002
       15000  -1.0000000000000000        0.0000000000000000       0.51448063110001385        0.0000000000000000       0.51448063110001385        0.0000000000000000     
       15000  0.20000000000000001        4.3481120374053717E-003  0.95842646295204759        4.1142999158032610E-005  0.95407835091464221        2.7093904636634397E-004
       15000  0.40000000000000002        4.3481120374053717E-003  0.21549204294569790        4.5956022469576088E-004  0.21114393090829253        3.0263425509820373E-003
       15000  0.59999999999999998        4.3481120374053717E-003   8.0998476129025221E-002   2.3044799115090331E-003   7.6650364091619849E-002   1.5175694586493309E-002
       15000  0.80000000000000004        4.3481120374053717E-003   4.0179554140195251E-002   5.5648375707011847E-003   3.5831442102789879E-002   3.6646132159643914E-002
       15000   1.0000000000000000        4.3481120374053717E-003   2.8125398093834519E-002   9.7809602785909350E-003   2.3777286056429148E-002   6.4410570562674532E-002
       15000  -1.0000000000000000        0.0000000000000000       0.51426652120426297        0.0000000000000000       0.51426652120426297        0.0000000000000000     
       15000  0.20000000000000001        4.1104410775005817E-003  0.95945110311731696        3.9034658728449662E-005  0.95534066203981638        2.3088690091522548E-004
       15000  0.40000000000000002        4.1104410775005817E-003  0.22963296109810472        5.0431893802529190E-004  0.22552252002060413        2.9830063965347736E-003
       15000  0.59999999999999998        4.1104410775005817E-003   8.4352269303053617E-002   2.0358275337622532E-003   8.0241828225553036E-002   1.2041757898748305E-002
       15000  0.80000000000000004        4.1104410775005817E-003   4.4710091082379222E-002   5.4143650813212423E-003   4.0599650004878640E-002   3.2025538707701279E-002
       15000   1.0000000000000000        4.1104410775005817E-003   2.6035106973722577E-002   1.1406423142610056E-002   2.1924665896221995E-002   6.7468085432638825E-002
       15000  -1.0000000000000000        0.0000000000000000       0.51991340797394514        0.0000000000000000       0.51991340797394514        0.0000000000000000     
       15000  0.20000000000000001        4.4914199970662594E-003  0.95547379297204316        4.4564296883611149E-005  0.95098237297497690        2.8249048850461544E-004
       15000  0.40000000000000002        4.4914199970662594E-003  0.22239781706593931        5.1593195306118506E-004  0.21790639706887305        3.2704626718567985E-003
       15000  0.59999999999999998        4.4914199970662594E-003   9.5372889190912247E-002   2.0164124510430332E-003   9.0881469193845987E-002   1.2781921362062741E-002
       15000  0.80000000000000004        4.4914199970662594E-003   4.4523986987769604E-002   5.6778763285390372E-003   4.0032566990703344E-002   3.5991728129511860E-002
       15000   1.0000000000000000        4.4914199970662594E-003   2.8254189062863588E-002   1.6945442478820141E-002   2.3762769065797329E-002  0.10741617524609012     
       20000  -1.0000000000000000        0.0000000000000000       0.92256129882298410        0.0000000000000000       0.92256129882298410        0.0000000000000000     
       20000  0.20000000000000001        5.7685209903866053E-003   1.3783287799451500        3.8652600552333729E-005   1.3725602589547634        2.2676352932551864E-004
       20000  0.40000000000000002        5.7685209903866053E-003  0.28996483399532735        4.3932589876121336E-004  0.28419631300494075        2.5773968608480413E-003
       20000  0.59999999999999998        5.7685209903866053E-003  0.10831525013782084        2.1017996035046908E-003  0.10254672914743423        1.2330645007452750E-002
       20000  0.80000000000000004        5.7685209903866053E-003   5.3957202937453985E-002   6.1963461766352656E-003   4.8188681947067380E-002   3.6352155038935928E-002
       20000   1.0000000000000000        5.7685209903866053E-003   3.3951713936403394E-002   1.2457212124429478E-002   2.8183192946016788E-002   7.3082828749583689E-002
       20000  -1.0000000000000000        0.0000000000000000       0.90630725794471800        0.0000000000000000       0.90630725794471800        0.0000000000000000     
       20000  0.20000000000000001        6.2357119750231504E-003   1.3593652329873294        3.7213040312339144E-005   1.3531295210123062        1.9476491559603326E-004
       20000  0.40000000000000002        6.2357119750231504E-003  0.29506647097878158        4.0995644717000968E-004  0.28883075900375843        2.1456223990556733E-003
       20000  0.59999999999999998        6.2357119750231504E-003  0.10756317107006907        1.9256786908214310E-003  0.10132745909504592        1.0078581178398228E-002
       20000  0.80000000000000004        6.2357119750231504E-003   5.4093451006338000E-002   5.8307555620268270E-003   4.7857739031314850E-002   3.0516899596690680E-002
       20000   1.0000000000000000        6.2357119750231504E-003   3.7969829048961401E-002   1.0998622950376428E-002   3.1734117073938251E-002   5.7564387446525409E-002
       20000  -1.0000000000000000        0.0000000000000000       0.90373650100082159        0.0000000000000000       0.90373650100082159        0.0000000000000000     
       20000  0.20000000000000001        5.7517301756888628E-003   1.3821703533176333        4.0214410718608102E-005   1.3764186231419444        1.7473612133383235E-004
       20000  0.40000000000000002        5.7517301756888628E-003  0.31580810225568712        4.1554172892596360E-004  0.31005637207999825        1.8055753812470841E-003
       20000  0.59999999999999998        5.7517301756888628E-003  0.12187077803537250        1.7777820156434383E-003  0.11611904785968363        7.7246620910159346E-003
       20000  0.80000000000000004        5.7517301756888628E-003   5.9844370232895017E-002   6.0896252708201627E-003   5.4092640057206154E-002   2.6460104255791855E-002
       20000   1.0000000000000000        5.7517301756888628E-003   4.5039686141535640E-002   1.9855225977674470E-002   3.9287955965846777E-002   8.6273182014829489E-002
       20000  -1.0000000000000000        0.0000000000000000       0.92280343896709383        0.0000000000000000       0.92280343896709383        0.0000000000000000     
       20000  0.20000000000000001        5.7519988622516394E-003   1.3780470809433609        3.9590278175899774E-005   1.3722950820811093        1.7010462376634982E-004
       20000  0.40000000000000002        5.7519988622516394E-003  0.30232150573283434        4.3044451775927950E-004  0.29656950687058270        1.8494591631917987E-003
       20000  0.59999999999999998        5.7519988622516394E-003  0.11095662484876812        1.9705295640380493E-003  0.10520462598651648        8.4666288178598705E-003
       20000  0.80000000000000004        5.7519988622516394E-003   6.0954240849241614E-002   6.4287643197132524E-003   5.5202241986989975E-002   2.7621996769728513E-002
       20000   1.0000000000000000        5.7519988622516394E-003   3.9993623737245798E-002   1.4341521717195395E-002   3.4241624874994159E-002   6.1620156976454836E-002
       20000  -1.0000000000000000        0.0000000000000000       0.91468270309269428        0.0000000000000000       0.91468270309269428        0.0000000000000000     
       20000  0.20000000000000001        5.7794288732111454E-003   1.3648934378288686        3.1516936790754155E-005   1.3591140089556575        2.6384558497547975E-004
       20000  0.40000000000000002        5.7794288732111454E-003  0.29737020470201969        3.3110380064865763E-004  0.29159077582880855        2.7718517364091620E-003
       20000  0.59999999999999998        5.7794288732111454E-003  0.11003820272162557        1.4195632934506650E-003  0.10425877384841442        1.1883943863481253E-002
       20000  0.80000000000000004        5.7794288732111454E-003   5.6188618764281273E-002   6.0624791954297574E-003   5.0409189891070127E-002   5.0752342473494715E-002
       20000   1.0000000000000000        5.7794288732111454E-003   4.6967407921329141E-002   9.8580511711798789E-003   4.1187979048117995E-002   8.2527159769575129E-002
       20000  -1.0000000000000000        0.0000000000000000       0.91416644002310932        0.0000000000000000       0.91416644002310932        0.0000000000000000     
       20000  0.20000000000000001        6.1439259443432093E-003   1.3715238119475543        3.9110686449597729E-005   1.3653798860032111        2.2966160468605937E-004
       20000  0.40000000000000002        6.1439259443432093E-003  0.30500838183797896        4.5801713858139464E-004  0.29886445589363575        2.6895194272766910E-003
       20000  0.59999999999999998        6.1439259443432093E-003  0.21295921714045107        2.0875996947797046E-003  0.20681529119610786        1.2258580438446026E-002
       20000  0.80000000000000004        6.1439259443432093E-003   6.3650733791291714E-002   6.1327771872839694E-003   5.7506807846948504E-002   3.6012240588740189E-002
       20000   1.0000000000000000        6.1439259443432093E-003   4.2657714104279876E-002   1.4985276378242958E-002   3.6513788159936666E-002   8.7994942868786591E-002
       25000  -1.0000000000000000        0.0000000000000000        1.4448843398131430        0.0000000000000000        1.4448843398131430        0.0000000000000000     
       25000  0.20000000000000001        1.5698362141847610E-002   1.9316597462166101        3.5138138425107410E-005   1.9159613840747625        2.4717653316904298E-004
       25000  0.40000000000000002        1.5698362141847610E-002  0.38500889809802175        4.2590597874290071E-004  0.36931053595617414        2.9960028618481512E-003
       25000  0.59999999999999998        1.5698362141847610E-002  0.15282614924944937        1.7049668228808457E-003  0.13712778710760176        1.1993458029831211E-002
       25000  0.80000000000000004        1.5698362141847610E-002   7.6075571123510599E-002   4.6222638506251837E-003   6.0377208981662989E-002   3.2514959676229103E-002
       25000   1.0000000000000000        1.5698362141847610E-002   5.6035443209111691E-002   1.1983478131227384E-002   4.0337081067264080E-002   8.4296855568972054E-002
       25000  -1.0000000000000000        0.0000000000000000        1.4217543408740312        0.0000000000000000        1.4217543408740312        0.0000000000000000     
       25000  0.20000000000000001        8.0599042121320963E-003   1.8362314952537417        3.7150277318580306E-005   1.8281715910416096        2.2194885849194103E-004
       25000  0.40000000000000002        8.0599042121320963E-003  0.37634504912421107        4.0114461335941532E-004  0.36828514491207898        2.3965793919062911E-003
       25000  0.59999999999999998        8.0599042121320963E-003  0.13673207629472017        2.1390712928608616E-003  0.12867217208258808        1.2779566289964149E-002
       25000  0.80000000000000004        8.0599042121320963E-003   7.1863131364807487E-002   5.6842492394175610E-003   6.3803227152675390E-002   3.3959709620833160E-002
       25000   1.0000000000000000        8.0599042121320963E-003   4.4984981184825301E-002   1.5370703971612559E-002   3.6925076972693205E-002   9.1830006313592755E-002
       25000  -1.0000000000000000        0.0000000000000000        1.4383675069548190        0.0000000000000000        1.4383675069548190        0.0000000000000000     
       25000  0.20000000000000001        8.0075899604707956E-003   1.9167949790135026        3.5919125323952428E-005   1.9087873890530318        2.3646769730794492E-004
       25000  0.40000000000000002        8.0075899604707956E-003  0.38829328306019306        4.5620917265017780E-004  0.38028569309972227        3.0033786060879386E-003
       25000  0.59999999999999998        8.0075899604707956E-003  0.13996839383617043        1.6818812607455301E-003  0.13196080387569964        1.1072390691225105E-002
       25000  0.80000000000000004        8.0075899604707956E-003   7.4833133956417441E-002   5.4374974818750975E-003   6.6825543995946646E-002   3.5796876930055177E-002
       25000   1.0000000000000000        8.0075899604707956E-003   4.6154844807460904E-002   1.3723509001737516E-002   3.8147254846990108E-002   9.0346480972400153E-002
       25000  -1.0000000000000000        0.0000000000000000        1.4264507780317217        0.0000000000000000        1.4264507780317217        0.0000000000000000     
       25000  0.20000000000000001        7.5682080350816250E-003   1.8719033349771053        3.3770680282069416E-005   1.8643351269420236        2.1514765658809352E-004
       25000  0.40000000000000002        7.5682080350816250E-003  0.38828734494745731        4.1653705335287233E-004  0.38071913691237569        2.6536916094806184E-003
       25000  0.59999999999999998        7.5682080350816250E-003  0.14310455694794655        1.8122586562931055E-003  0.13553634891286492        1.1545612933357713E-002
       25000  0.80000000000000004        7.5682080350816250E-003   7.1812346111983061E-002   6.4496081005174398E-003   6.4244138076901436E-002   4.1089431931718289E-002
       25000   1.0000000000000000        7.5682080350816250E-003   4.8963197041302919E-002   1.4195667924262377E-002   4.1394989006221294E-002   9.0438352502760472E-002
       25000  -1.0000000000000000        0.0000000000000000        1.4317211331799626        0.0000000000000000        1.4317211331799626        0.0000000000000000     
       25000  0.20000000000000001        8.0110300332307816E-003   1.8631325620226562        3.4976086703166828E-005   1.8551215319894254        2.0604082016863743E-004
       25000  0.40000000000000002        8.0110300332307816E-003  0.39250261313281953        3.8939368680322592E-004  0.38449158309958875        2.2938813961186199E-003
       25000  0.59999999999999998        8.0110300332307816E-003  0.15091823204420507        1.6445369707102963E-003  0.14290720201097429        9.6878118217872643E-003
       25000  0.80000000000000004        8.0110300332307816E-003   7.5662496965378523E-002   5.1233413933367026E-003   6.7651466932147741E-002   3.0181119793239921E-002
       25000   1.0000000000000000        8.0110300332307816E-003   4.9500921042636037E-002   1.0511293981350018E-002   4.1489891009405255E-002   6.1921039118276407E-002
       25000  -1.0000000000000000        0.0000000000000000        1.4311011561658233        0.0000000000000000        1.4311011561658233        0.0000000000000000     
       25000  0.20000000000000001        9.7338038031011820E-003   1.8643655627965927        3.5484120887306046E-005   1.8546317589934915        2.1353746509709438E-004
       25000  0.40000000000000002        9.7338038031011820E-003  0.38206818979233503        4.1762195898829634E-004  0.37233438598923385        2.5131786348734286E-003
       25000  0.59999999999999998        9.7338038031011820E-003  0.14071870571933687        1.7145447394495434E-003  0.13098490191623569        1.0317841566946862E-002
       25000  0.80000000000000004        9.7338038031011820E-003   7.2249698918312788E-002   5.4143469591813962E-003   6.2515895115211606E-002   3.2582628395715983E-002
       25000   1.0000000000000000        9.7338038031011820E-003   4.4818446738645434E-002   7.6975976363322512E-002   3.5084642935544252E-002  0.46322846543671725     
       30000  -1.0000000000000000        0.0000000000000000        2.0397253648843616        0.0000000000000000        2.0397253648843616        0.0000000000000000     
       30000  0.20000000000000001        1.0361465858295560E-002   2.3192238919436932        3.3269436107709613E-005   2.3088624260853976        1.5306894946498211E-004
       30000  0.40000000000000002        1.0361465858295560E-002  0.51594298984855413        4.6615645102642889E-004  0.50558152399025857        2.1447336231949173E-003
       30000  0.59999999999999998        1.0361465858295560E-002  0.18723631673492491        1.6562318895958431E-003  0.17687485087662935        7.6201374315475580E-003
       30000  0.80000000000000004        1.0361465858295560E-002   9.6467364812269807E-002   4.2570527978840261E-003   8.6105898953974247E-002   1.9586223147258826E-002
       30000   1.0000000000000000        1.0361465858295560E-002   6.4457161817699671E-002   1.1797678233955932E-002   5.4095695959404111E-002   5.4279796253566305E-002
       30000  -1.0000000000000000        0.0000000000000000        2.0601773799862713        0.0000000000000000        2.0601773799862713        0.0000000000000000     
       30000  0.20000000000000001        9.8591397982090712E-003   2.3789070039056242        3.3370384582031857E-005   2.3690478641074151        8.3899503653182275E-005
       30000  0.40000000000000002        9.8591397982090712E-003  0.46983347274363041        3.7071212084954135E-004  0.45997433294542134        9.3204088976073956E-004
       30000  0.59999999999999998        9.8591397982090712E-003  0.17715495801530778        1.8692464157352515E-003  0.16729581821709871        4.6996415669156360E-003
       30000  0.80000000000000004        9.8591397982090712E-003   8.7878592777997255E-002   4.4177556742758146E-003   7.8019452979788184E-002   1.1107079315242416E-002
       30000   1.0000000000000000        9.8591397982090712E-003   5.7339885737746954E-002   1.5896757099102231E-002   4.7480745939537883E-002   3.9967475562988276E-002
       30000  -1.0000000000000000        0.0000000000000000        2.0524013719987124        0.0000000000000000        2.0524013719987124        0.0000000000000000     
       30000  0.20000000000000001        9.9889948032796383E-003   2.3872123586479574        3.3343917670232151E-005   2.3772233638446778        2.1418548154329448E-004
       30000  0.40000000000000002        9.9889948032796383E-003  0.50153445568867028        3.9862968435236336E-004  0.49154546088539064        2.5606076569906541E-003
       30000  0.59999999999999998        9.9889948032796383E-003  0.18601976870559156        1.7244009039353383E-003  0.17603077390231192        1.1076731943613609E-002
       30000  0.80000000000000004        9.9889948032796383E-003   8.5620385827496648E-002   4.4606826728501008E-003   7.5631391024217010E-002   2.8653305701662520E-002
       30000   1.0000000000000000        9.9889948032796383E-003   6.0182797722518444E-002   8.5061454524117345E-003   5.0193802919238806E-002   5.4639436128065134E-002
       30000  -1.0000000000000000        0.0000000000000000        2.0608723999466747        0.0000000000000000        2.0608723999466747        0.0000000000000000     
       30000  0.20000000000000001        1.1584842111915350E-002   2.3415685461368412        3.3959669551797826E-005   2.3299837040249258        2.1873121610050444E-004
       30000  0.40000000000000002        1.1584842111915350E-002  0.47523277415893972        3.9465866134652050E-004  0.46364793204702437        2.5419613936246790E-003
       30000  0.59999999999999998        1.1584842111915350E-002  0.17276550130918622        2.2746371903217639E-003  0.16118065919727087        1.4650736164191401E-002
       30000  0.80000000000000004        1.1584842111915350E-002   8.8731496129184961E-002   4.6835878265211010E-003   7.7146654017269611E-002   3.0166573306784274E-002
       30000   1.0000000000000000        1.1584842111915350E-002   6.3932727091014385E-002   1.6071115764469599E-002   5.2347884979099035E-002  0.10351262958824421     
       30000  -1.0000000000000000        0.0000000000000000        2.0484153579454869        0.0000000000000000        2.0484153579454869        0.0000000000000000     
       30000  0.20000000000000001        9.9353478290140629E-003   2.4127255948260427        3.6738002527087541E-005   2.4027902469970286        2.3777663595029921E-004
       30000  0.40000000000000002        9.9353478290140629E-003  0.49648397671990097        3.7700609228553955E-004  0.48654862889088690        2.4400684356839534E-003
       30000  0.59999999999999998        9.9353478290140629E-003  0.18004175880923867        1.6700280801562508E-003  0.17010641098022461        1.0808798288619697E-002
       30000  0.80000000000000004        9.9353478290140629E-003   9.1535997809842229E-002   6.4960782855410393E-003   8.1600649980828166E-002   4.2044083383871091E-002
       30000   1.0000000000000000        9.9353478290140629E-003   5.6052665691822767E-002   1.1410726945957931E-002   4.6117317862808704E-002   7.3852797657053285E-002
       30000  -1.0000000000000000        0.0000000000000000        2.0585264610126615        0.0000000000000000        2.0585264610126615        0.0000000000000000     
       30000  0.20000000000000001        1.0602858150377870E-002   2.3769299313426018        3.4492432662686529E-005   2.3663270731922239        1.8773459141888040E-004
       30000  0.40000000000000002        1.0602858150377870E-002  0.47511788317933679        4.1574565606881481E-004  0.46451502502895892        2.2628105602040252E-003
       30000  0.59999999999999998        1.0602858150377870E-002  0.17814649501815438        1.7188958037021999E-003  0.16754363686777651        9.3555651628117603E-003
       30000  0.80000000000000004        1.0602858150377870E-002   9.1986719286069274E-002   4.9732312381362753E-003   8.1383861135691404E-002   2.7068184597288037E-002
       30000   1.0000000000000000        1.0602858150377870E-002   5.7567523093894124E-002   1.1024842423933878E-002   4.6964664943516254E-002   6.0005749903334245E-002
       35000  -1.0000000000000000        0.0000000000000000        2.7934865250717849        0.0000000000000000        2.7934865250717849        0.0000000000000000     
       35000  0.20000000000000001        1.3511627912521362E-002   2.8535303859971464        3.1931376312542599E-005   2.8400187580846250        2.0700193992777903E-004
       35000  0.40000000000000002        1.3511627912521362E-002  0.55580655392259359        4.2992235223304553E-004  0.54229492601007223        2.7870631086952973E-003
       35000  0.59999999999999998        1.3511627912521362E-002  0.20914116804488003        1.6952399807495257E-003  0.19562954013235867        1.0989753815291782E-002
       35000  0.80000000000000004        1.3511627912521362E-002  0.11106293392367661        5.4673888494067456E-003   9.7551306011155248E-002   3.5443511331584861E-002
       35000   1.0000000000000000        1.3511627912521362E-002   7.5850058812648058E-002   8.7318810993740614E-003   6.2338430900126696E-002   5.6606276819929906E-002
       35000  -1.0000000000000000        0.0000000000000000        2.8437003490980715        0.0000000000000000        2.8437003490980715        0.0000000000000000     
       35000  0.20000000000000001        1.2464525876566768E-002   2.8920587608590722        1.2895182613750853E-005   2.8795942349825054        2.1066278086592378E-004
       35000  0.40000000000000002        1.2464525876566768E-002  0.58893285994417965        1.3834891283426586E-004  0.57646833406761289        2.2601437746499870E-003
       35000  0.59999999999999998        1.2464525876566768E-002  0.22577766701579094        7.0838544343218969E-004  0.21331314113922417        1.1572573410417069E-002
       35000  0.80000000000000004        1.2464525876566768E-002  0.12529053888283670        1.7959213955387699E-003  0.11282601300626993        2.9339157632197427E-002
       35000   1.0000000000000000        1.2464525876566768E-002   7.4197988724336028E-002   3.5731715888010687E-003   6.1733462847769260E-002   5.8373292256075668E-002
       35000  -1.0000000000000000        0.0000000000000000        2.7978930990211666        0.0000000000000000        2.7978930990211666        0.0000000000000000     
       35000  0.20000000000000001        1.4310541097074747E-002   2.8512460282072425        3.3917768532961873E-005   2.8369354871101677        2.2310653302870954E-004
       35000  0.40000000000000002        1.4310541097074747E-002  0.56051153410226107        4.0337003895934780E-004  0.54620099300518632        2.6533140242530227E-003
       35000  0.59999999999999998        1.4310541097074747E-002  0.20531267696060240        1.5738419769670759E-003  0.19100213586352766        1.0352521471892702E-002
       35000  0.80000000000000004        1.4310541097074747E-002  0.10858354624360800        4.2481730889425929E-003   9.4273005146533251E-002   2.7943912898006892E-002
       35000   1.0000000000000000        1.4310541097074747E-002   7.3080949252471328E-002   1.0504682631821957E-002   5.8770408155396581E-002   6.9098393671596772E-002
       35000  -1.0000000000000000        0.0000000000000000        2.8089089868590236        0.0000000000000000        2.8089089868590236        0.0000000000000000     
       35000  0.20000000000000001        1.2313687009736896E-002   2.8792204230558127        2.9914015566874726E-005   2.8669067360460758        2.1132053334500244E-004
       35000  0.40000000000000002        1.2313687009736896E-002  0.54459855216555297        3.5000890747132217E-004  0.53228486515581608        2.4725556766857304E-003
       35000  0.59999999999999998        1.2313687009736896E-002  0.21260671294294298        1.4500100306307116E-003  0.20029302593320608        1.0243255117102897E-002
       35000  0.80000000000000004        1.2313687009736896E-002  0.10063488595187664        6.9953260881272178E-003   8.8321198942139745E-002   4.9416837286873627E-002
       35000   1.0000000000000000        1.2313687009736896E-002   6.4338548108935356E-002   1.1485903496990872E-002   5.2024861099198461E-002   8.1139466131090299E-002
       35000  -1.0000000000000000        0.0000000000000000        2.7886084781493992        0.0000000000000000        2.7886084781493992        0.0000000000000000     
       35000  0.20000000000000001        1.4200974022969604E-002   2.9271333620417863        3.1072721222009621E-005   2.9129323880188167        1.4472653161859905E-004
       35000  0.40000000000000002        1.4200974022969604E-002  0.56356369191780686        3.5128876580800642E-004  0.54936271789483726        1.6361877129692527E-003
       35000  0.59999999999999998        1.4200974022969604E-002  0.20409035007469356        1.5088805300285529E-003  0.18988937605172396        7.0278700142678563E-003
       35000  0.80000000000000004        1.4200974022969604E-002  0.11084373295307159        3.9320237378446810E-003   9.6642758930101991E-002   1.8314075350992252E-002
       35000   1.0000000000000000        1.4200974022969604E-002   7.2767719160765409E-002   7.1821386166933980E-003   5.8566745137795806E-002   3.3452043165816181E-002
       35000  -1.0000000000000000        0.0000000000000000        2.7991328060161322        0.0000000000000000        2.7991328060161322        0.0000000000000000     
       35000  0.20000000000000001        1.3612568145617843E-002   2.8608754682354629        3.1958674070458503E-005   2.8472629000898451        2.2663610804359713E-004
       35000  0.40000000000000002        1.3612568145617843E-002  0.58302501216530800        3.6762219707043361E-004  0.56941244401969016        2.6070062791339085E-003
       35000  0.59999999999999998        1.3612568145617843E-002  0.22191317006945610        2.2751805495269516E-003  0.20830060192383826        1.6134526222973653E-002
       35000  0.80000000000000004        1.3612568145617843E-002  0.11726055922918022        4.1441898997051085E-003  0.10364799108356237        2.9388674504832984E-002
       35000   1.0000000000000000        1.3612568145617843E-002   8.6333997081965208E-002   1.0262055487463921E-002   7.2721428936347365E-002   7.2773742461240187E-002
       40000  -1.0000000000000000        0.0000000000000000        3.6890596388839185        0.0000000000000000        3.6890596388839185        0.0000000000000000     
       40000  0.20000000000000001        1.3920905068516731E-002   3.3782733399420977        2.6563369201990187E-005   3.3643524348735809        2.1587339471983611E-004
       40000  0.40000000000000002        1.3920905068516731E-002  0.64867313019931316        2.9575283226219784E-004  0.63475222513079643        2.4035041418489747E-003
       40000  0.59999999999999998        1.3920905068516731E-002  0.23464927123859525        2.1669284436964952E-003  0.22072836617007852        1.7610047720177241E-002
       40000  0.80000000000000004        1.3920905068516731E-002  0.12214997014962137        4.1298714196851020E-003  0.10822906508110464        3.3562360118725321E-002
       40000   1.0000000000000000        1.3920905068516731E-002   7.5743889203295112E-002   6.7845580141595360E-003   6.1822984134778380E-002   5.5136287835074682E-002
       40000  -1.0000000000000000        0.0000000000000000        3.6874459439422935        0.0000000000000000        3.6874459439422935        0.0000000000000000     
       40000  0.20000000000000001        1.4681820059195161E-002   3.4680297190789133        3.1308881284334685E-005   3.4533478990197182        2.1557955850976264E-004
       40000  0.40000000000000002        1.4681820059195161E-002  0.67185828299261630        3.7030561059682611E-004  0.65717646293342113        2.5497659696354187E-003
       40000  0.59999999999999998        1.4681820059195161E-002  0.24409014498814940        1.7107321261303982E-003  0.22940832492895424        1.1779369346683950E-002
       40000  0.80000000000000004        1.4681820059195161E-002  0.12605513492599130        4.1741844204831249E-003  0.11137331486679614        2.8741647660094728E-002
       40000   1.0000000000000000        1.4681820059195161E-002   8.4448484005406499E-002   7.7130328864918711E-003   6.9766663946211338E-002   5.3108643817087173E-002
       40000  -1.0000000000000000        0.0000000000000000        3.6702052489854395        0.0000000000000000        3.6702052489854395        0.0000000000000000     
       40000  0.20000000000000001        1.4362724032253027E-002   3.4802487981505692        3.0244249459251017E-005   3.4658860741183162        2.1152203636214481E-004
       40000  0.40000000000000002        1.4362724032253027E-002  0.66621188609860837        3.4115117014711318E-004  0.65184916206635535        2.3859408484932180E-003
       40000  0.59999999999999998        1.4362724032253027E-002  0.23502655094489455        1.4426985332315415E-003  0.22066382691264153        1.0089935675771015E-002
       40000  0.80000000000000004        1.4362724032253027E-002  0.13781414902769029        3.7912109091193941E-003  0.12345142499543726        2.6514946348917323E-002
       40000   1.0000000000000000        1.4362724032253027E-002   7.6923531945794821E-002   6.7274614926439201E-003   6.2560807913541794E-002   4.7050476699354540E-002
       40000  -1.0000000000000000        0.0000000000000000        3.6486353098880500        0.0000000000000000        3.6486353098880500        0.0000000000000000     
       40000  0.20000000000000001        7.7467364957556129E-002   3.7129849509801716        3.0095910800246132E-005   3.6355175860226154        1.9231041641695415E-004
       40000  0.40000000000000002        7.7467364957556129E-002  0.75469796103425324        3.3473408320290311E-004  0.67723059607669711        2.1389235021646602E-003
       40000  0.59999999999999998        7.7467364957556129E-002  0.30860292678698897        1.6576902767238048E-003  0.23113556182943285        1.0592505723551110E-002
       40000  0.80000000000000004        7.7467364957556129E-002  0.18817614577710629        4.1388937883715046E-003  0.11070878081955016        2.6447193880597207E-002
       40000   1.0000000000000000        7.7467364957556129E-002  0.14614696195349097        1.1111898907521529E-002   6.8679596995934844E-002   7.1004128111354134E-002
       40000  -1.0000000000000000        0.0000000000000000        3.6534428899176419        0.0000000000000000        3.6534428899176419        0.0000000000000000     
       40000  0.20000000000000001        1.3575273100286722E-002   3.5198191902600229        2.7036884265762298E-005   3.5062439171597362        2.0554905822199710E-004
       40000  0.40000000000000002        1.3575273100286722E-002  0.68815568811260164        3.1092271755061521E-004  0.67458041501231492        2.3638031344197512E-003
       40000  0.59999999999999998        1.3575273100286722E-002  0.24695689114741981        1.3042037119940489E-003  0.23338161804713309        9.9152639814153939E-003
       40000  0.80000000000000004        1.3575273100286722E-002  0.13324740109965205        3.5669798390311372E-003  0.11967212799936533        2.7118115364282675E-002
       40000   1.0000000000000000        1.3575273100286722E-002   8.2477530231699347E-002   6.8120341273757235E-003   6.8902257131412625E-002   5.1788778089023838E-002
       40000  -1.0000000000000000        0.0000000000000000        3.6455494018737227        0.0000000000000000        3.6455494018737227        0.0000000000000000     
       40000  0.20000000000000001        1.6112808138132095E-002   3.5022490681149065        2.8697141077790194E-005   3.4861362599767745        2.0827766519446536E-004
       40000  0.40000000000000002        1.6112808138132095E-002  0.66515514114871621        3.1334959910918748E-004  0.64904233301058412        2.2742238578808594E-003
       40000  0.59999999999999998        1.6112808138132095E-002  0.24577568727545440        1.4935195628249171E-003  0.22966287913732231        1.0839643106754587E-002
       40000  0.80000000000000004        1.6112808138132095E-002  0.13328754412941635        3.9538349296490442E-003  0.11717473599128425        2.8696081797115344E-002
       40000   1.0000000000000000        1.6112808138132095E-002   8.3596428157761693E-002   7.0575438287468952E-003   6.7483620019629598E-002   5.1222132081883399E-002
       45000  -1.0000000000000000        0.0000000000000000        4.6349844040814787        0.0000000000000000        4.6349844040814787        0.0000000000000000     
       45000  0.20000000000000001        1.7479880014434457E-002   3.9761113938875496        2.9949677324324625E-005   3.9586315138731152        2.0497835902110367E-004
       45000  0.40000000000000002        1.7479880014434457E-002  0.79060154804028571        3.4163144046529711E-004  0.77312166802585125        2.3381571460109750E-003
       45000  0.59999999999999998        1.7479880014434457E-002  0.29459450906142592        1.8809709502604151E-003  0.27711462904699147        1.2873538989269908E-002
       45000  0.80000000000000004        1.7479880014434457E-002  0.14595095394179225        4.5706960714425818E-003  0.12847107392735779        3.1282266254921434E-002
       45000   1.0000000000000000        1.7479880014434457E-002   9.7442873986437917E-002   8.5595760243194919E-003   7.9962993972003460E-002   5.8582529233341493E-002
       45000  -1.0000000000000000        0.0000000000000000        4.6094129800330848        0.0000000000000000        4.6094129800330848        0.0000000000000000     
       45000  0.20000000000000001        1.6695539932698011E-002   4.0108108448330313        2.8551986233593288E-005   3.9941153049003333        1.6035045690849671E-004
       45000  0.40000000000000002        1.6695539932698011E-002  0.74965609493665397        3.4259155403424811E-004  0.73296055500395596        1.9240241912749777E-003
       45000  0.59999999999999998        1.6695539932698011E-002  0.27222100691869855        1.4033940749791553E-003  0.25552546698600054        7.8815841148317835E-003
       45000  0.80000000000000004        1.6695539932698011E-002  0.14807175891473889        3.6059482626133593E-003  0.13137621898204088        2.0251321458615149E-002
       45000   1.0000000000000000        1.6695539932698011E-002   9.2914055101573467E-002   9.4312117219269194E-003   7.6218515168875456E-002   5.2966511556818863E-002
       45000  -1.0000000000000000        0.0000000000000000        4.6583271161653101        0.0000000000000000        4.6583271161653101        0.0000000000000000     
       45000  0.20000000000000001        2.0288476953282952E-002   3.9513208130374551        2.8273436341854709E-005   3.9310323360841721        1.4516498798690421E-004
       45000  0.40000000000000002        2.0288476953282952E-002  0.77813399909064174        3.9295550204419935E-004  0.75784552213735878        2.0175609375500526E-003
       45000  0.59999999999999998        2.0288476953282952E-002  0.27438034489750862        1.2777522494982815E-003  0.25409186794422567        6.5603942763078453E-003
       45000  0.80000000000000004        2.0288476953282952E-002  0.14112445106729865        3.6380729251465353E-003  0.12083597411401570        1.8679045804296954E-002
       45000   1.0000000000000000        2.0288476953282952E-002   9.7612692974507809E-002   7.4429468108441321E-003   7.7324216021224856E-002   3.8214501814337248E-002
       45000  -1.0000000000000000        0.0000000000000000        4.6213126489892602        0.0000000000000000        4.6213126489892602        0.0000000000000000     
       45000  0.20000000000000001        1.6773419920355082E-002   3.9927070969715714        2.8949506450702421E-005   3.9759336770512164        1.9476360614989181E-004
       45000  0.40000000000000002        1.6773419920355082E-002  0.74747921689413488        3.3000611367213853E-004  0.73070579697377980        2.2201822632018416E-003
       45000  0.59999999999999998        1.6773419920355082E-002  0.27061642776243389        1.3724385471967147E-003  0.25384300784207880        9.2333553639794425E-003
       45000  0.80000000000000004        1.6773419920355082E-002  0.14493060391396284        4.7467988270632356E-003  0.12815718399360776        3.1935040371110737E-002
       45000   1.0000000000000000        1.6773419920355082E-002   9.3819273868575692E-002   9.4465637461125414E-003   7.7045853948220611E-002   6.3553650700427330E-002
       45000  -1.0000000000000000        0.0000000000000000        4.7355247761588544        0.0000000000000000        4.7355247761588544        0.0000000000000000     
       45000  0.20000000000000001        1.6026241006329656E-002   4.0310133788734674        2.9198960373808291E-005   4.0149871378671378        1.8924557853347907E-004
       45000  0.40000000000000002        1.6026241006329656E-002  0.74568742909468710        3.4750201460095035E-004  0.72966118808835745        2.2522452495841766E-003
       45000  0.59999999999999998        1.6026241006329656E-002  0.26460811612196267        1.4428210384038903E-003  0.24858187511563301        9.3512747932609636E-003
       45000  0.80000000000000004        1.6026241006329656E-002  0.14008813817054033        4.2903489278199895E-003  0.12406189716421068        2.7806797042133492E-002
       45000   1.0000000000000000        1.6026241006329656E-002   9.0918041067197919E-002   1.1050437026417887E-002   7.4891800060868263E-002   7.1620575573235007E-002
       45000  -1.0000000000000000        0.0000000000000000        4.6242205330636352        0.0000000000000000        4.6242205330636352        0.0000000000000000     
       45000  0.20000000000000001        1.9915248034521937E-002   3.9950305339880288        2.8246136929097445E-005   3.9751152859535068        1.9978627622069812E-004
       45000  0.40000000000000002        1.9915248034521937E-002  0.75019620615057647        3.7428057154299685E-004  0.73028095811605453        2.6473043672496019E-003
       45000  0.59999999999999998        1.9915248034521937E-002  0.28399018011987209        1.2457798203711556E-003  0.26407493208535016        8.8114601981714672E-003
       45000  0.80000000000000004        1.9915248034521937E-002  0.14473979896865785        3.9930740295395385E-003  0.12482455093413591        2.8243203417083106E-002
       45000   1.0000000000000000        1.9915248034521937E-002   9.6759109059348702E-002   8.4725753986200410E-003   7.6843861024826765E-002   5.9926930650317504E-002
       50000  -1.0000000000000000        0.0000000000000000        5.7734243359882385        0.0000000000000000        5.7734243359882385        0.0000000000000000     
       50000  0.20000000000000001        2.0069987978786230E-002   4.5270505689550191        2.9183152168265918E-005   4.5069805809762329        1.8779897909461464E-004
       50000  0.40000000000000002        2.0069987978786230E-002  0.81833038805052638        3.5444446821576985E-004  0.79826040007174015        2.2809156767183611E-003
       50000  0.59999999999999998        2.0069987978786230E-002  0.29435962112620473        1.4708412035097978E-003  0.27428963314741850        9.4651350490438709E-003
       50000  0.80000000000000004        2.0069987978786230E-002  0.15477924980223179        3.6188334729753066E-003  0.13470926182344556        2.3287862387847195E-002
       50000   1.0000000000000000        2.0069987978786230E-002  0.12484256504103541        1.0769915137999653E-002  0.10477257706224918        6.9306394874346214E-002
       50000  -1.0000000000000000        0.0000000000000000        5.9579176851548254        0.0000000000000000        5.9579176851548254        0.0000000000000000     
       50000  0.20000000000000001        2.9623662820085883E-002   4.5106310488190502        2.6443179676865628E-005   4.4810073859989643        1.7207428002433725E-004
       50000  0.40000000000000002        2.9623662820085883E-002  0.83928392780944705        3.3903301102441682E-004  0.80966026498936117        2.2061969093508326E-003
       50000  0.59999999999999998        2.9623662820085883E-002  0.31605455675162375        1.2804390237618204E-003  0.28643089393153787        8.3322287947708989E-003
       50000  0.80000000000000004        2.9623662820085883E-002  0.16679895087145269        3.6010139897093480E-003  0.13717528805136681        2.3432956898859970E-002
       50000   1.0000000000000000        2.9623662820085883E-002  0.11657434492371976        1.4957691650248947E-002   8.6950682103633881E-002   9.7334513208878606E-002
       50000  -1.0000000000000000        0.0000000000000000        5.7316126059740782        0.0000000000000000        5.7316126059740782        0.0000000000000000     
       50000  0.20000000000000001        1.9281437853351235E-002   4.4246104448102415        2.8856745719442190E-005   4.4053290069568902        1.7065276558380399E-004
       50000  0.40000000000000002        1.9281437853351235E-002  0.87197691877372563        3.1363292748441018E-004  0.85269548092037439        1.8547596105855644E-003
       50000  0.59999999999999998        1.9281437853351235E-002  0.33298391778953373        1.3930424642633792E-003  0.31370247993618250        8.2381621064794974E-003
       50000  0.80000000000000004        1.9281437853351235E-002  0.17111149779520929        4.3312218892097593E-003  0.15183005994185805        2.5613941396474327E-002
       50000   1.0000000000000000        1.9281437853351235E-002  0.10684001375921071        1.3700548609888506E-002   8.7558575905859470E-002   8.1022182231642495E-002
       50000  -1.0000000000000000        0.0000000000000000        5.7407903769053519        0.0000000000000000        5.7407903769053519        0.0000000000000000     
       50000  0.20000000000000001        1.9360482925549150E-002   4.5525339008308947        3.1927138821023153E-005   4.5331734179053456        1.7286798000974853E-004
       50000  0.40000000000000002        1.9360482925549150E-002  0.86504675890319049        3.6554306281004018E-004  0.84568627597764134        1.9792155892446876E-003
       50000  0.59999999999999998        1.9360482925549150E-002  0.31077800202183425        1.4072234927983316E-003  0.29141751909628510        7.6193449086057108E-003
       50000  0.80000000000000004        1.9360482925549150E-002  0.16303690685890615        4.7104568678796891E-003  0.14367642393335700        2.5504545466417516E-002
       50000   1.0000000000000000        1.9360482925549150E-002  0.10393847175873816        9.4549684026195759E-003   8.4577988833189011E-002   5.1193478312582044E-002
       50000  -1.0000000000000000        0.0000000000000000        5.7269419420044869        0.0000000000000000        5.7269419420044869        0.0000000000000000     
       50000  0.20000000000000001        2.0177755039185286E-002   4.4785711891017854        2.9064185385020437E-005   4.4583934340626001        1.9914589433228715E-004
       50000  0.40000000000000002        2.0177755039185286E-002  0.83166704606264830        3.2081051136187568E-004  0.81148929102346301        2.1981726083156205E-003
       50000  0.59999999999999998        2.0177755039185286E-002  0.30400640098378062        1.4607619738001415E-003  0.28382864594459534        1.0009045353425158E-002
       50000  0.80000000000000004        2.0177755039185286E-002  0.16284643998369575        3.7659622040757145E-003  0.14266868494451046        2.5804126323071972E-002
       50000   1.0000000000000000        2.0177755039185286E-002  0.11116113606840372        1.0798796124616884E-002   9.0983381029218435E-002   7.3992643642344910E-002
       50000  -1.0000000000000000        0.0000000000000000        5.7464782982133329        0.0000000000000000        5.7464782982133329        0.0000000000000000     
       50000  0.20000000000000001        2.0696260035037994E-002   4.4278203549329191        2.8339178550751039E-005   4.4071240948978812        1.9120282353403669E-004
       50000  0.40000000000000002        2.0696260035037994E-002  0.81810178584419191        3.1373989469235980E-004  0.79740552580915391        2.1167851994376434E-003
       50000  0.59999999999999998        2.0696260035037994E-002  0.29624438518658280        1.4346395387560096E-003  0.27554812515154481        9.6794312535374259E-003
       50000  0.80000000000000004        2.0696260035037994E-002  0.16341304918751121        4.5789361242444381E-003  0.14271678915247321        3.0893821222433872E-002
       50000   1.0000000000000000        2.0696260035037994E-002  0.10443831793963909        7.8818225881032208E-003   8.3742057904601097E-002   5.3178208067705103E-002
