        5000  -1.0000000000000000        0.0000000000000000        5.8292662026360631E-002   0.0000000000000000        5.8292662026360631E-002   0.0000000000000000     
        5000  0.20000000000000001        9.5398817211389542E-004   7.0101566147059202E-002   4.1992895363236740E-003   6.9147577974945307E-002   1.0227218315274358E-002
        5000  0.40000000000000002        9.5398817211389542E-004   2.0314616151154041E-002   8.9490012395801559E-003   1.9360627979040146E-002   2.1794969979843905E-002
        5000  0.59999999999999998        9.5398817211389542E-004   8.8395471684634686E-003   1.3782668847125437E-002   7.8855589963495731E-003   3.3567193223377152E-002
        5000  0.80000000000000004        9.5398817211389542E-004   5.0415841396898031E-003   2.2662004371203019E-002   4.0875959675759077E-003   5.5192494864000428E-002
        5000   1.0000000000000000        9.5398817211389542E-004   3.4496632870286703E-003   2.7426849141927123E-002   2.4956751149147749E-003   6.6797102568962624E-002
        5000  -1.0000000000000000        0.0000000000000000        5.6719498941674829E-002   0.0000000000000000        5.6719498941674829E-002   0.0000000000000000     
        5000  0.20000000000000001        9.9190790206193924E-004   6.9010884035378695E-002   4.5945649595349435E-003   6.8018976133316755E-002   2.5247004774951901E-002
        5000  0.40000000000000002        9.9190790206193924E-004   1.9903877051547170E-002   9.8980915925059709E-003   1.8911969149485230E-002   5.4389733935594160E-002
        5000  0.59999999999999998        9.9190790206193924E-004   8.8425029534846544E-003   1.5380887624540781E-002   7.8505950514227152E-003   8.4517543384365415E-002
        5000  0.80000000000000004        9.9190790206193924E-004   4.8986889887601137E-003   2.1697332246510187E-002   3.9067810866981745E-003  0.11922622830580405     
        5000   1.0000000000000000        9.9190790206193924E-004   3.3881317358464003E-003   7.8481474048454750E-002   2.3962238337844610E-003  0.43125348482332876     
        5000  -1.0000000000000000        0.0000000000000000        5.6446464033797383E-002   0.0000000000000000        5.6446464033797383E-002   0.0000000000000000     
        5000  0.20000000000000001        9.6520199440419674E-004   7.0725179975852370E-002   4.7392593989949664E-003   6.9759977981448174E-002   2.8023521973620239E-002
        5000  0.40000000000000002        9.6520199440419674E-004   2.0242154831066728E-002   1.0276983457269880E-002   1.9276952836662531E-002   6.0768412844928565E-002
        5000  0.59999999999999998        9.6520199440419674E-004   8.8083830196410418E-003   1.6562991074528383E-002   7.8431810252368450E-003   9.7937948790976281E-002
        5000  0.80000000000000004        9.6520199440419674E-004   5.0134330522269011E-003   2.2666239983745621E-002   4.0482310578227043E-003  0.13402682165457044     
        5000   1.0000000000000000        9.6520199440419674E-004   3.4625818952918053E-003   2.8296419260466915E-002   2.4973799008876085E-003  0.16731840571727855     
        5000  -1.0000000000000000        0.0000000000000000        5.7733377907425165E-002   0.0000000000000000        5.7733377907425165E-002   0.0000000000000000     
        5000  0.20000000000000001        9.6555612981319427E-004   7.2027421323582530E-002   4.2275920813223287E-003   7.1061865193769336E-002   2.8457843802235875E-002
        5000  0.40000000000000002        9.6555612981319427E-004   2.0776712102815509E-002   9.3951544968841876E-003   1.9811155973002315E-002   6.3243055154596675E-002
        5000  0.59999999999999998        9.6555612981319427E-004   9.0108381118625402E-003   1.5230882384863188E-002   8.0452819820493460E-003  0.10252599199284369     
        5000  0.80000000000000004        9.6555612981319427E-004   5.0642520654946566E-003   2.0500075219233495E-002   4.0986959356814623E-003  0.13799532388672608     
        5000   1.0000000000000000        9.6555612981319427E-004   3.4877969883382320E-003   4.4458709479361029E-002   2.5222408585250378E-003  0.29927178064372373     
        5000  -1.0000000000000000        0.0000000000000000        5.6955429958179593E-002   0.0000000000000000        5.6955429958179593E-002   0.0000000000000000     
        5000  0.20000000000000001        9.6177496016025543E-004   7.0407762890681624E-002   4.6001756106057818E-003   6.9445987930521369E-002   2.8843583347985695E-002
        5000  0.40000000000000002        9.6177496016025543E-004   2.0526631036773324E-002   9.9338201590518475E-003   1.9564856076613069E-002   6.2286093831052818E-002
        5000  0.59999999999999998        9.6177496016025543E-004   8.9140047784894705E-003   1.5716713215336551E-002   7.9522298183292150E-003   9.8545439556219652E-002
        5000  0.80000000000000004        9.6177496016025543E-004   5.0871728453785181E-003   2.3427892074927570E-002   4.1253978852182627E-003  0.14689533942418348     
        5000   1.0000000000000000        9.6177496016025543E-004   3.4031150862574577E-003   3.1417178860772728E-002   2.4413401260972023E-003  0.19698900514581438     
        5000  -1.0000000000000000        0.0000000000000000        5.6517546996474266E-002   0.0000000000000000        5.6517546996474266E-002   0.0000000000000000     
        5000  0.20000000000000001        9.4829709269106388E-004   6.8343765102326870E-002   4.6618881178296769E-003   6.7395468009635806E-002   2.8547496821579237E-002
        5000  0.40000000000000002        9.4829709269106388E-004   1.9896957091987133E-002   1.0382974868537322E-002   1.8948659999296069E-002   6.3581093017757329E-002
        5000  0.59999999999999998        9.4829709269106388E-004   8.6034480482339859E-003   1.6605435468488413E-002   7.6551509555429220E-003  0.10168489768010588     
        5000  0.80000000000000004        9.4829709269106388E-004   5.0903961528092623E-003   2.2314490987442190E-002   4.1420990601181984E-003  0.13664481953198995     
        5000   1.0000000000000000        9.4829709269106388E-004   3.3725630491971970E-003   2.9616687780958582E-002   2.4242659565061331E-003  0.18136048719380909     
       10000  -1.0000000000000000        0.0000000000000000       0.23049041489139199        0.0000000000000000       0.23049041489139199        0.0000000000000000     
       10000  0.20000000000000001        2.1885931491851807E-003  0.18994643911719322        4.6427139235405398E-003  0.18775784596800804        1.7384720792682776E-002
       10000  0.40000000000000002        2.1885931491851807E-003   4.7231954988092184E-002   9.8736733290400308E-003   4.5043361838907003E-002   3.6972136739499624E-002
       10000  0.59999999999999998        2.1885931491851807E-003   1.9126463215798140E-002   1.5165596474107050E-002   1.6937870066612959E-002   5.6787832439993607E-002
       10000  0.80000000000000004        2.1885931491851807E-003   1.0458403266966343E-002   2.0256739214338234E-002   8.2698101177811623E-003   7.5851702519482936E-002
       10000   1.0000000000000000        2.1885931491851807E-003   7.2770433034747839E-003   2.4939866345076243E-002   5.0884501542896032E-003   9.3387751249883910E-002
       10000  -1.0000000000000000        0.0000000000000000       0.22873073699884117        0.0000000000000000       0.22873073699884117        0.0000000000000000     
       10000  0.20000000000000001        2.1327110007405281E-003  0.18828143901191652        4.7372139549758871E-003  0.18614872801117599        2.8688687051466398E-002
       10000  0.40000000000000002        2.1327110007405281E-003   4.7079672804102302E-002   9.9309694638036253E-003   4.4946961803361773E-002   6.0142201254277418E-002
       10000  0.59999999999999998        2.1327110007405281E-003   1.9128691870719194E-002   1.5124676054352866E-002   1.6995980869978666E-002   9.1595419206761494E-002
       10000  0.80000000000000004        2.1327110007405281E-003   1.0709326015785336E-002   2.1728516170968874E-002   8.5766150150448084E-003  0.13158844131726069     
       10000   1.0000000000000000        2.1327110007405281E-003   7.1388629730790854E-003   2.7156820430816620E-002   5.0061519723385572E-003  0.16446238866501281     
       10000  -1.0000000000000000        0.0000000000000000       0.23068477609194815        0.0000000000000000       0.23068477609194815        0.0000000000000000     
       10000  0.20000000000000001        2.1232080180197954E-003  0.18780319998040795        4.6833592578693481E-003  0.18567999196238816        2.3540501127811073E-002
       10000  0.40000000000000002        2.1232080180197954E-003   4.7444520052522421E-002   9.6407259062002409E-003   4.5321312034502625E-002   4.8458276756473288E-002
       10000  0.59999999999999998        2.1232080180197954E-003   1.8707819050177932E-002   1.4981727274889356E-002   1.6584611032158136E-002   7.5304359198687262E-002
       10000  0.80000000000000004        2.1232080180197954E-003   1.0321615962311625E-002   1.9737951671772610E-002   8.1984079442918301E-003   9.9211110659366317E-002
       10000   1.0000000000000000        2.1232080180197954E-003   7.0682619698345661E-003   2.4960767980380414E-002   4.9450539518147707E-003  0.12546314609665327     
       10000  -1.0000000000000000        0.0000000000000000       0.22583579807542264        0.0000000000000000       0.22583579807542264        0.0000000000000000     
       10000  0.20000000000000001        2.0721689797937870E-003  0.18592032487504184        4.4220834281304142E-003  0.18384815589524806        2.6717593266382428E-002
       10000  0.40000000000000002        2.0721689797937870E-003   4.6903486130759120E-002   9.1911808900723702E-003   4.4831317150965333E-002   5.5531795509910102E-002
       10000  0.59999999999999998        2.0721689797937870E-003   1.8751889932900667E-002   1.4409791265094205E-002   1.6679720953106880E-002   8.7061890245030263E-002
       10000  0.80000000000000004        2.0721689797937870E-003   1.0309523902833462E-002   1.9321954974263894E-002   8.2373549230396748E-003  0.11674047821662058     
       10000   1.0000000000000000        2.0721689797937870E-003   7.0368370506912470E-003   6.6217610784257766E-002   4.9646680708974600E-003  0.40007729857629498     
       10000  -1.0000000000000000        0.0000000000000000       0.22817606478929520        0.0000000000000000       0.22817606478929520        0.0000000000000000     
       10000  0.20000000000000001        2.1563810296356678E-003  0.19172450504265726        4.5763944718596131E-003  0.18956812401302159        2.7044254364670537E-002
       10000  0.40000000000000002        2.1563810296356678E-003   4.7853179974481463E-002   9.3870077417187066E-003   4.5696798944845796E-002   5.5472627338223009E-002
       10000  0.59999999999999998        2.1563810296356678E-003   1.9499286077916622E-002   1.4881413174185317E-002   1.7342905048280954E-002   8.7941877751829600E-002
       10000  0.80000000000000004        2.1563810296356678E-003   1.0877222055569291E-002   1.9898425876408107E-002   8.7208410259336233E-003  0.11758997048159862     
       10000   1.0000000000000000        2.1563810296356678E-003   7.2831450961530209E-003   2.4626564417118042E-002   5.1267640665173531E-003  0.14553095811993091     
       10000  -1.0000000000000000        0.0000000000000000       0.23072389583103359        0.0000000000000000       0.23072389583103359        0.0000000000000000     
       10000  0.20000000000000001        2.0963340066373348E-003  0.18991836300119758        4.4438357208120517E-003  0.18782202899456024        2.6334465835508261E-002
       10000  0.40000000000000002        2.0963340066373348E-003   4.7044754028320312E-002   9.5216115881322592E-003   4.4948420021682978E-002   5.6425703113261783E-002
       10000  0.59999999999999998        2.0963340066373348E-003   1.9104019971564412E-002   1.4240289959417472E-002   1.7007685964927077E-002   8.4388904762546582E-002
       10000  0.80000000000000004        2.0963340066373348E-003   1.0462627047672868E-002   1.9088306610499879E-002   8.3662930410355330E-003  0.11311857365421632     
       10000   1.0000000000000000        2.0963340066373348E-003   7.0759709924459457E-003   2.3335517484613922E-002   4.9796369858086109E-003  0.13828782757976801     
       15000  -1.0000000000000000        0.0000000000000000       0.51368393795564771        0.0000000000000000       0.51368393795564771        0.0000000000000000     
       15000  0.20000000000000001        3.5725987982004881E-003  0.33304705773480237        4.5393330437663902E-003  0.32947445893660188        2.8842370005034913E-002
       15000  0.40000000000000002        3.5725987982004881E-003   7.7045436715707183E-002   9.1522587462780809E-003   7.3472837917506695E-002   5.8152338812079096E-002
       15000  0.59999999999999998        3.5725987982004881E-003   3.0008501606062055E-002   1.3648111345239987E-002   2.6435902807861567E-002   8.6718439359697447E-002
       15000  0.80000000000000004        3.5725987982004881E-003   1.6600485891103745E-002   1.8995428907131632E-002   1.3027887092903256E-002  0.12069464471133921     
       15000   1.0000000000000000        3.5725987982004881E-003   1.1663814773783088E-002   2.4221977982985480E-002   8.0912159755825996E-003  0.15390350179272502     
       15000  -1.0000000000000000        0.0000000000000000       0.51439440902322531        0.0000000000000000       0.51439440902322531        0.0000000000000000     
       15000  0.20000000000000001        3.4056610893458128E-003  0.32929717516526580        4.6102608052240408E-003  0.32589151407591999        1.7165595271215261E-002
       15000  0.40000000000000002        3.4056610893458128E-003   7.5582243967801332E-002   9.3917411496594449E-003   7.2176582878455520E-002   3.4968700097051782E-002
       15000  0.59999999999999998        3.4056610893458128E-003   2.9456793097779155E-002   1.3880346904462789E-002   2.6051132008433342E-002   5.1681331545514402E-002
       15000  0.80000000000000004        3.4056610893458128E-003   1.6276550944894552E-002   2.0870553833983629E-002   1.2870889855548739E-002   7.7708289256504012E-002
       15000   1.0000000000000000        3.4056610893458128E-003   1.1122556170448661E-002   2.5521613538830954E-002   7.7168950811028481E-003   9.5025792939853068E-002
       15000  -1.0000000000000000        0.0000000000000000       0.52005805401131511        0.0000000000000000       0.52005805401131511        0.0000000000000000     
       15000  0.20000000000000001        3.5584960132837296E-003  0.34448048402555287        3.9949711234512353E-003  0.34092198801226914        2.8142422755412389E-002
       15000  0.40000000000000002        3.5584960132837296E-003   7.8728455118834972E-002   8.1130300191029330E-003   7.5169959105551243E-002   5.7151932659703780E-002
       15000  0.59999999999999998        3.5584960132837296E-003   3.0617986107245088E-002   1.2180469750607973E-002   2.7059490093961358E-002   8.5804857779544927E-002
       15000  0.80000000000000004        3.5584960132837296E-003   1.6552984016016126E-002   1.6517046661038735E-002   1.2994488002732396E-002  0.11635370956180045     
       15000   1.0000000000000000        3.5584960132837296E-003   1.1498662875965238E-002   2.2445555194166186E-002   7.9401668626815081E-003  0.15811686336007072     
       15000  -1.0000000000000000        0.0000000000000000       0.51637000800110400        0.0000000000000000       0.51637000800110400        0.0000000000000000     
       15000  0.20000000000000001        3.4205759875476360E-003  0.33289237110875547        4.6935693221361171E-003  0.32947179512120783        2.9091267796339814E-002
       15000  0.40000000000000002        3.4205759875476360E-003   7.6705707935616374E-002   9.4879106756605505E-003   7.3285131948068738E-002   5.8807131918054541E-002
       15000  0.59999999999999998        3.4205759875476360E-003   2.9983355896547437E-002   1.4264325664195020E-002   2.6562779908999801E-002   8.8411886423878788E-002
       15000  0.80000000000000004        3.4205759875476360E-003   1.6337872948497534E-002   1.8766014105858025E-002   1.2917296960949898E-002  0.11631385505454646     
       15000   1.0000000000000000        3.4205759875476360E-003   1.1202794034034014E-002   2.5135903938305851E-002   7.7822180464863777E-003  0.15579514492811017     
       15000  -1.0000000000000000        0.0000000000000000       0.51371069182641804        0.0000000000000000       0.51371069182641804        0.0000000000000000     
       15000  0.20000000000000001        4.0402768645435572E-003  0.33251290186308324        4.3894655179504607E-003  0.32847262499853969        1.4153354762215121E-002
       15000  0.40000000000000002        4.0402768645435572E-003   7.6520563801750541E-002   8.9649753453092881E-003   7.2480286937206984E-002   2.8906589191278014E-002
       15000  0.59999999999999998        4.0402768645435572E-003   3.0997156864032149E-002   1.3567523680919069E-002   2.6956879999488592E-002   4.3747006353170650E-002
       15000  0.80000000000000004        4.0402768645435572E-003   1.7188652884215117E-002   1.8655074326078429E-002   1.3148376019671559E-002   6.0151260779412956E-002
       15000   1.0000000000000000        4.0402768645435572E-003   1.1692044790834188E-002   2.2645246226863563E-002   7.6517679262906313E-003   7.3017136645867745E-002
       15000  -1.0000000000000000        0.0000000000000000       0.51320208492688835        0.0000000000000000       0.51320208492688835        0.0000000000000000     
       15000  0.20000000000000001        3.2877540215849876E-003  0.33745835907757282        4.5126028145935125E-003  0.33417060505598783        2.6101754316732034E-002
       15000  0.40000000000000002        3.2877540215849876E-003   7.5927487108856440E-002   9.1292050727907227E-003   7.2639733087271452E-002   5.2805061226845813E-002
       15000  0.59999999999999998        3.2877540215849876E-003   2.9442041181027889E-002   1.3716312910266362E-002   2.6154287159442902E-002   7.9337766788908526E-002
       15000  0.80000000000000004        3.2877540215849876E-003   1.6007599188014865E-002   1.8675834213271205E-002   1.2719845166429877E-002  0.10802458277922558     
       15000   1.0000000000000000        3.2877540215849876E-003   1.1122165946289897E-002   2.5243155555083167E-002   7.8344119247049093E-003  0.14601122047502463     
       20000  -1.0000000000000000        0.0000000000000000       0.90456731896847486        0.0000000000000000       0.90456731896847486        0.0000000000000000     
       20000  0.20000000000000001        5.7442318648099899E-003  0.48281893576495349        4.5917856150577254E-003  0.47707470390014350        2.5929545360421878E-002
       20000  0.40000000000000002        5.7442318648099899E-003  0.10490067978389561        9.1020696617481450E-003   9.9156447919085622E-002   5.1398856121258905E-002
       20000  0.59999999999999998        5.7442318648099899E-003   4.1696042055264115E-002   1.3828521009310578E-002   3.5951810190454125E-002   7.8088851013127694E-002
       20000  0.80000000000000004        5.7442318648099899E-003   2.2733521880581975E-002   1.8417135202022972E-002   1.6989290015771985E-002  0.10400048753667125     
       20000   1.0000000000000000        5.7442318648099899E-003   1.5915769850835204E-002   2.5793994310738359E-002   1.0171537986025214E-002  0.14565718035996461     
       20000  -1.0000000000000000        0.0000000000000000       0.90490211895667017        0.0000000000000000       0.90490211895667017        0.0000000000000000     
       20000  0.20000000000000001        4.7806671354919672E-003  0.48542332509532571        4.5373899143540466E-003  0.48064265795983374        3.0014549019263856E-002
       20000  0.40000000000000002        4.7806671354919672E-003  0.10460220393724740        8.9331959800305599E-003   9.9821536801755428E-002   5.9092529780855108E-002
       20000  0.59999999999999998        4.7806671354919672E-003   4.0117371128872037E-002   1.3435335837840281E-002   3.5336703993380070E-002   8.8873901892237511E-002
       20000  0.80000000000000004        4.7806671354919672E-003   2.2426081122830510E-002   1.7980332621288318E-002   1.7645413987338543E-002  0.11893876987231679     
       20000   1.0000000000000000        4.7806671354919672E-003   1.5262895263731480E-002   2.3809412140127651E-002   1.0482228128239512E-002  0.15749776441715688     
       20000  -1.0000000000000000        0.0000000000000000       0.91790618118830025        0.0000000000000000       0.91790618118830025        0.0000000000000000     
       20000  0.20000000000000001        5.2009089849889278E-003  0.50074700592085719        3.2572365191783220E-003  0.49554609693586826        2.7784718575789461E-002
       20000  0.40000000000000002        5.2009089849889278E-003  0.11042361194267869        6.4651211893685745E-003  0.10522270295768976        5.5148458439331680E-002
       20000  0.59999999999999998        5.2009089849889278E-003   4.2680610204115510E-002   9.5752437911820771E-003   3.7479701219126582E-002   8.1678273120824069E-002
       20000  0.80000000000000004        5.2009089849889278E-003   2.2984053008258343E-002   1.3192975866349007E-002   1.7783144023269415E-002  0.11253807313819487     
       20000   1.0000000000000000        5.2009089849889278E-003   1.5828824136406183E-002   1.9461635015209262E-002   1.0627915151417255E-002  0.16601068075299816     
       20000  -1.0000000000000000        0.0000000000000000       0.92092214780859649        0.0000000000000000       0.92092214780859649        0.0000000000000000     
       20000  0.20000000000000001        4.9787510652095079E-003  0.55523008317686617        3.8453210990304484E-003  0.55025133211165667        2.9802159723863481E-002
       20000  0.40000000000000002        4.9787510652095079E-003  0.10698077804408967        7.9931138118230459E-003  0.10200202697888017        6.1948546916155325E-002
       20000  0.59999999999999998        4.9787510652095079E-003   4.0752502856776118E-002   1.1862017231459970E-002   3.5773751791566610E-002   9.1933475274230070E-002
       20000  0.80000000000000004        4.9787510652095079E-003   2.1867682226002216E-002   1.5846512333556464E-002   1.6888931160792708E-002  0.12281426686314886     
       20000   1.0000000000000000        4.9787510652095079E-003   1.4962057117372751E-002   2.1987014378291515E-002   9.9833060521632433E-003  0.17040462876245699     
       20000  -1.0000000000000000        0.0000000000000000       0.90874442388303578        0.0000000000000000       0.90874442388303578        0.0000000000000000     
       20000  0.20000000000000001        5.0873111467808485E-003  0.48441683710552752        4.7157982744839072E-003  0.47932952595874667        2.9699627236889858E-002
       20000  0.40000000000000002        5.0873111467808485E-003  0.10607408802025020        9.3548030528914396E-003  0.10098677687346935        5.8915616693930993E-002
       20000  0.59999999999999998        5.0873111467808485E-003   4.0833228267729282E-002   1.3908253272132250E-002   3.5745917120948434E-002   8.7592792069501227E-002
       20000  0.80000000000000004        5.0873111467808485E-003   2.2833837196230888E-002   1.9514443452715118E-002   1.7746526049450040E-002  0.12290001873424766     
       20000   1.0000000000000000        5.0873111467808485E-003   1.5062837162986398E-002   2.7328170654256745E-002   9.9755260162055492E-003  0.17211009340435848     
       20000  -1.0000000000000000        0.0000000000000000       0.93564066709950566        0.0000000000000000       0.93564066709950566        0.0000000000000000     
       20000  0.20000000000000001        4.6906461939215660E-003  0.49018697231076658        4.5106375163608461E-003  0.48549632611684501        2.7638965622859831E-002
       20000  0.40000000000000002        4.6906461939215660E-003  0.10783261503092945        8.9246537089741583E-003  0.10314196883700788        5.4685883350980416E-002
       20000  0.59999999999999998        4.6906461939215660E-003   4.1154230246320367E-002   1.3356706449953758E-002   3.6463584052398801E-002   8.1843320166135297E-002
       20000  0.80000000000000004        4.6906461939215660E-003   2.2746867267414927E-002   1.7741650473766794E-002   1.8056221073493361E-002  0.10871209795923821     
       20000   1.0000000000000000        4.6906461939215660E-003   1.4949197182431817E-002   2.2627401216205649E-002   1.0258550988510251E-002  0.13864957272246781     
       25000  -1.0000000000000000        0.0000000000000000        1.4247956159524620        0.0000000000000000        1.4247956159524620        0.0000000000000000     
       25000  0.20000000000000001        6.6829121205955744E-003  0.66244816710241139        4.0427167520674257E-003  0.65576525498181581        2.7679689423461776E-002
       25000  0.40000000000000002        6.6829121205955744E-003  0.13670081016607583        7.9075154828609946E-003  0.13001789804548025        5.4141209018632029E-002
       25000  0.59999999999999998        6.6829121205955744E-003   5.3141907090321183E-002   1.1864099771399945E-002   4.6458994969725609E-002   8.1231166342132413E-002
       25000  0.80000000000000004        6.6829121205955744E-003   2.9414613265544176E-002   1.6135504942905492E-002   2.2731701144948602E-002  0.11047664056156149     
       25000   1.0000000000000000        6.6829121205955744E-003   1.9611400086432695E-002   2.3075131659137691E-002   1.2928487965837121E-002  0.15799090485470865     
       25000  -1.0000000000000000        0.0000000000000000        1.4242866360582411        0.0000000000000000        1.4242866360582411        0.0000000000000000     
       25000  0.20000000000000001        6.1045670881867409E-003  0.67264711111783981        4.5833727345499500E-003  0.66654254402965307        2.7353736295186334E-002
       25000  0.40000000000000002        6.1045670881867409E-003  0.14028534316457808        8.9780747521188316E-003  0.13418077607639134        5.3581478843448944E-002
       25000  0.59999999999999998        6.1045670881867409E-003   5.4358534049242735E-002   1.3351991289920697E-002   4.8253966961055994E-002   7.9685172887423453E-002
       25000  0.80000000000000004        6.1045670881867409E-003   2.8732959181070328E-002   3.0049684190337364E-002   2.2628392092883587E-002  0.17933761548564717     
       25000   1.0000000000000000        6.1045670881867409E-003   1.9308041082695127E-002   3.6684832532161787E-002   1.3203473994508386E-002  0.21893642372866248     
       25000  -1.0000000000000000        0.0000000000000000        1.4522791318595409        0.0000000000000000        1.4522791318595409        0.0000000000000000     
       25000  0.20000000000000001        6.4220170024782419E-003  0.67641854705289006        4.6747281896417072E-003  0.66999653005041182        2.2333049054090032E-002
       25000  0.40000000000000002        6.4220170024782419E-003  0.14150354010052979        9.2233134342208697E-003  0.13508152309805155        4.4063462732255643E-002
       25000  0.59999999999999998        6.4220170024782419E-003   5.2134884987026453E-002   1.3822885334751435E-002   4.5712867984548211E-002   6.6037460088931119E-002
       25000  0.80000000000000004        6.4220170024782419E-003   2.9000940034165978E-002   1.8484527287030605E-002   2.2578923031687737E-002   8.8307990945364540E-002
       25000   1.0000000000000000        6.4220170024782419E-003   1.9373352872207761E-002   2.3585241267435754E-002   1.2951335869729519E-002  0.11267614475325510     
       25000  -1.0000000000000000        0.0000000000000000        1.4210281139239669        0.0000000000000000        1.4210281139239669        0.0000000000000000     
       25000  0.20000000000000001        5.9769360814243555E-003  0.64614211302250624        4.2774255827677642E-003  0.64016517694108188        2.1205221130887061E-002
       25000  0.40000000000000002        5.9769360814243555E-003  0.13559654797427356        8.4684521447230040E-003  0.12961961189284921        4.1982121463113684E-002
       25000  0.59999999999999998        5.9769360814243555E-003   5.0389671232551336E-002   1.2391311379375649E-002   4.4412735151126981E-002   6.1429589554966663E-002
       25000  0.80000000000000004        5.9769360814243555E-003   2.7363657020032406E-002   1.6833804316553576E-002   2.1386720938608050E-002   8.3453127611309894E-002
       25000   1.0000000000000000        5.9769360814243555E-003   1.8735083984211087E-002   2.5213711707245706E-002   1.2758147902786732E-002  0.12499629086162171     
       25000  -1.0000000000000000        0.0000000000000000        1.4148802889976650        0.0000000000000000        1.4148802889976650        0.0000000000000000     
       25000  0.20000000000000001        1.6138063045218587E-002  0.69901162502355874        4.5022752224030621E-003  0.68287356197834015        3.0388928203512116E-002
       25000  0.40000000000000002        1.6138063045218587E-002  0.15354205388575792        8.8002392309680030E-003  0.13740399084053934        5.9398820585845544E-002
       25000  0.59999999999999998        1.6138063045218587E-002   6.5418214071542025E-002   1.3005552754719485E-002   4.9280151026323438E-002   8.7783351613767144E-002
       25000  0.80000000000000004        1.6138063045218587E-002   3.8437747163698077E-002   1.6970615256811789E-002   2.2299684118479490E-002  0.11454626452920819     
       25000   1.0000000000000000        1.6138063045218587E-002   2.9253830900415778E-002   2.1473648779726726E-002   1.3115767855197191E-002  0.14494031102040236     
       25000  -1.0000000000000000        0.0000000000000000        1.4177754570264369        0.0000000000000000        1.4177754570264369        0.0000000000000000     
       25000  0.20000000000000001        6.6844669636338949E-003  0.64957599993795156        4.5564081529209195E-003  0.64289153297431767        2.9929993778180290E-002
       25000  0.40000000000000002        6.6844669636338949E-003  0.13683600188232958        9.1638746773373414E-003  0.13015153491869569        6.0195378217139023E-002
       25000  0.59999999999999998        6.6844669636338949E-003   5.3428082959726453E-002   1.3584684846322904E-002   4.6743615996092558E-002   8.9234660127701121E-002
       25000  0.80000000000000004        6.6844669636338949E-003   2.9679123777896166E-002   1.7912202568777638E-002   2.2994656814262271E-002  0.11766112548397165     
       25000   1.0000000000000000        6.6844669636338949E-003   1.9442148040980101E-002   2.5306240622378615E-002   1.2757681077346206E-002  0.16623085530460618     
       30000  -1.0000000000000000        0.0000000000000000        2.0546500398777425        0.0000000000000000        2.0546500398777425        0.0000000000000000     
       30000  0.20000000000000001        7.8923930414021015E-003  0.85045614209957421        2.6889893014636485E-003  0.84256374905817211        2.8663395051324394E-002
       30000  0.40000000000000002        7.8923930414021015E-003  0.17238159105181694        5.2090605200419311E-003  0.16448919801041484        5.5526200662437866E-002
       30000  0.59999999999999998        7.8923930414021015E-003   6.4396641915664077E-002   7.7414058244021280E-003   5.6504248874261975E-002   8.2519842409444225E-002
       30000  0.80000000000000004        7.8923930414021015E-003   3.8080213125795126E-002   1.2301999210898985E-002   3.0187820084393024E-002  0.13113368026832423     
       30000   1.0000000000000000        7.8923930414021015E-003   2.3618381936103106E-002   1.4974698333274845E-002   1.5725988894701004E-002  0.15962342946750782     
       30000  -1.0000000000000000        0.0000000000000000        2.0483644071500748        0.0000000000000000        2.0483644071500748        0.0000000000000000     
       30000  0.20000000000000001        8.0126158427447081E-003  0.87634333665482700        4.4813427414342952E-003  0.86833072081208229        2.8927907252787124E-002
       30000  0.40000000000000002        8.0126158427447081E-003  0.17379923583939672        8.7107742052976757E-003  0.16578661999665201        5.6229679997690081E-002
       30000  0.59999999999999998        8.0126158427447081E-003   6.6030865767970681E-002   1.2989226671204033E-002   5.8018249925225973E-002   8.3847892497898174E-002
       30000  0.80000000000000004        8.0126158427447081E-003   3.7125180941075087E-002   1.7265863005309363E-002   2.9112565098330379E-002  0.11145438152696600     
       30000   1.0000000000000000        8.0126158427447081E-003   2.3748018778860569E-002   2.1684615061655085E-002   1.5735402936115861E-002  0.13997825417726892     
       30000  -1.0000000000000000        0.0000000000000000        2.0555881068576127        0.0000000000000000        2.0555881068576127        0.0000000000000000     
       30000  0.20000000000000001        8.6425801273435354E-003  0.87339541222900152        4.2825977919787577E-003  0.86475283210165799        2.6491936455789875E-002
       30000  0.40000000000000002        8.6425801273435354E-003  0.18107962212525308        8.3644522304837290E-003  0.17243704199790955        5.1742084533948206E-002
       30000  0.59999999999999998        8.6425801273435354E-003   7.0946210063993931E-002   1.2265906723439846E-002   6.2303629936650395E-002   7.5876287541789780E-002
       30000  0.80000000000000004        8.6425801273435354E-003   3.9137721993029118E-002   1.6529082173005978E-002   3.0495141865685582E-002  0.10224807835560934     
       30000   1.0000000000000000        8.6425801273435354E-003   2.5404772954061627E-002   2.0222926124192981E-002   1.6762192826718092E-002  0.12509801290135042     
       30000  -1.0000000000000000        0.0000000000000000        2.0507455070037395        0.0000000000000000        2.0507455070037395        0.0000000000000000     
       30000  0.20000000000000001        7.8242199961096048E-003  0.84711837815120816        4.1915554821844777E-003  0.83929415815509856        2.8883840350425891E-002
       30000  0.40000000000000002        7.8242199961096048E-003  0.17014113697223365        8.2013447455728840E-003  0.16231691697612405        5.6515136993122980E-002
       30000  0.59999999999999998        7.8242199961096048E-003   6.4085961785167456E-002   1.2130419662556549E-002   5.6261741789057851E-002   8.3590234319014536E-002
       30000  0.80000000000000004        7.8242199961096048E-003   4.1311339009553194E-002   1.6654266607288852E-002   3.3487119013443589E-002  0.11476388178158174     
       30000   1.0000000000000000        7.8242199961096048E-003   2.3557011969387531E-002   2.4178102125315005E-002   1.5732791973277926E-002  0.16661032991979746     
       30000  -1.0000000000000000        0.0000000000000000        2.0434545630123466        0.0000000000000000        2.0434545630123466        0.0000000000000000     
       30000  0.20000000000000001        8.1232669763267040E-003  0.85592533089220524        4.5751931328506905E-003  0.84780206391587853        2.9292265475721085E-002
       30000  0.40000000000000002        8.1232669763267040E-003  0.17368377512320876        8.8211940308089067E-003  0.16556050814688206        5.6476907063877875E-002
       30000  0.59999999999999998        8.1232669763267040E-003   6.4056213945150375E-002   1.3552757314720366E-002   5.5932946968823671E-002   8.6770318468163660E-002
       30000  0.80000000000000004        8.1232669763267040E-003   3.5388018935918808E-002   1.8402653625278865E-002   2.7264751959592104E-002  0.11782134650860901     
       30000   1.0000000000000000        8.1232669763267040E-003   2.6374880922958255E-002   2.2532023257022263E-002   1.8251613946631551E-002  0.14425926682980908     
       30000  -1.0000000000000000        0.0000000000000000        2.0690020569600165        0.0000000000000000        2.0690020569600165        0.0000000000000000     
       30000  0.20000000000000001        7.9282037913799286E-003  0.85477050673216581        4.4897569953789365E-003  0.84684230294078588        2.4539367513399545E-002
       30000  0.40000000000000002        7.9282037913799286E-003  0.17355101858265698        8.7033890068945186E-003  0.16562281479127705        4.7569536986542447E-002
       30000  0.59999999999999998        7.9282037913799286E-003   6.5148682799190283E-002   1.2695148731087957E-002   5.7220479007810354E-002   6.9387033790487357E-002
       30000  0.80000000000000004        7.9282037913799286E-003   3.6132843699306250E-002   1.7018778256335236E-002   2.8204639907926321E-002   9.3018409390777129E-002
       30000   1.0000000000000000        7.9282037913799286E-003   2.6052222819998860E-002   2.2749948762303521E-002   1.8124019028618932E-002  0.12434288852687832     
       35000  -1.0000000000000000        0.0000000000000000        2.7953996988944709        0.0000000000000000        2.7953996988944709        0.0000000000000000     
       35000  0.20000000000000001        8.8821630924940109E-003   1.0026580400299281        4.1608183401950077E-003  0.99377587693743408        2.7366897521613174E-002
       35000  0.40000000000000002        8.8821630924940109E-003  0.19673269311897457        8.0423012785371187E-003  0.18785053002648056        5.2896525859225253E-002
       35000  0.59999999999999998        8.8821630924940109E-003   7.2819843189790845E-002   1.1688880908024146E-002   6.3937680097296834E-002   7.6881127652702358E-002
       35000  0.80000000000000004        8.8821630924940109E-003   4.1032044216990471E-002   1.5518187418380546E-002   3.2149881124496460E-002  0.10206757663448085     
       35000   1.0000000000000000        8.8821630924940109E-003   2.6637580245733261E-002   2.0091745657358422E-002   1.7755417153239250E-002  0.13214918304015030     
       35000  -1.0000000000000000        0.0000000000000000        2.7932414461392909        0.0000000000000000        2.7932414461392909        0.0000000000000000     
       35000  0.20000000000000001        9.1609871014952660E-003   1.0040793369989842        4.4467934441821374E-003  0.99491834989748895        1.1997894269901239E-002
       35000  0.40000000000000002        9.1609871014952660E-003  0.20054489816538990        8.6511404348326160E-003  0.19138391106389463        2.3341643715650347E-002
       35000  0.59999999999999998        9.1609871014952660E-003   7.6276815962046385E-002   1.2654940199153693E-002   6.7115828860551119E-002   3.4144296650436008E-002
       35000  0.80000000000000004        9.1609871014952660E-003   4.0755457943305373E-002   1.6636962022289866E-002   3.1594470841810107E-002   4.4888190517809963E-002
       35000   1.0000000000000000        9.1609871014952660E-003   2.6726825162768364E-002   2.0769225224142051E-002   1.7565838061273098E-002   5.6037450678767274E-002
       35000  -1.0000000000000000        0.0000000000000000        2.7964439538773149        0.0000000000000000        2.7964439538773149        0.0000000000000000     
       35000  0.20000000000000001        8.8248460087925196E-003   1.0256833569146693        4.4699699249511103E-003   1.0168585109058768        2.6531654796328522E-002
       35000  0.40000000000000002        8.8248460087925196E-003  0.19649565196596086        8.5650675498217393E-003  0.18767080595716834        5.0838242617838467E-002
       35000  0.59999999999999998        8.8248460087925196E-003   7.4472226202487946E-002   1.2687632272568066E-002   6.5647380193695426E-002   7.5307862310106014E-002
       35000  0.80000000000000004        8.8248460087925196E-003   3.8888263981789351E-002   1.6440848719591908E-002   3.0063417972996831E-002   9.7585203057410558E-002
       35000   1.0000000000000000        8.8248460087925196E-003   2.7639233972877264E-002   2.0763832370210449E-002   1.8814387964084744E-002  0.12324441594565781     
       35000  -1.0000000000000000        0.0000000000000000        2.7736991008277982        0.0000000000000000        2.7736991008277982        0.0000000000000000     
       35000  0.20000000000000001        1.0325038107112050E-002  0.99347042897716165        4.3366744096158556E-003  0.98314539087004960        3.0030714297632113E-002
       35000  0.40000000000000002        1.0325038107112050E-002  0.19943938404321671        8.3692327043954576E-003  0.18911434593610466        5.7955477514938049E-002
       35000  0.59999999999999998        1.0325038107112050E-002   7.7213152078911662E-002   1.2229797204721775E-002   6.6888113971799612E-002   8.4689213688401474E-002
       35000  0.80000000000000004        1.0325038107112050E-002   4.0539362933486700E-002   1.6232626957861339E-002   3.0214324826374650E-002  0.11240811193726577     
       35000   1.0000000000000000        1.0325038107112050E-002   2.7783203171566129E-002   2.0369307613390043E-002   1.7458165064454079E-002  0.14105390435167212     
       35000  -1.0000000000000000        0.0000000000000000        2.8184341432061046        0.0000000000000000        2.8184341432061046        0.0000000000000000     
       35000  0.20000000000000001        1.0612105950713158E-002   1.0054555549286306        4.5224601320272041E-003  0.99484344897791743        2.9958922942358402E-002
       35000  0.40000000000000002        1.0612105950713158E-002  0.19846834708005190        8.6635024540240909E-003  0.18785624112933874        5.7391153233825640E-002
       35000  0.59999999999999998        1.0612105950713158E-002   7.6562854927033186E-002   1.2532443490692156E-002   6.5950748976320028E-002   8.3020855431799503E-002
       35000  0.80000000000000004        1.0612105950713158E-002   4.1471663862466812E-002   1.6802328320763258E-002   3.0859557911753654E-002  0.11130659966444227     
       35000   1.0000000000000000        1.0612105950713158E-002   3.1343217007815838E-002   2.1178068917011419E-002   2.0731111057102680E-002  0.14029358274702955     
       35000  -1.0000000000000000        0.0000000000000000        2.8857514730188996        0.0000000000000000        2.8857514730188996        0.0000000000000000     
       35000  0.20000000000000001        8.7386320810765028E-003   1.0081861719954759        4.5483543419856777E-003  0.99944753991439939        2.9932524679853360E-002
       35000  0.40000000000000002        8.7386320810765028E-003  0.20137629820965230        8.7129277761648378E-003  0.19263766612857580        5.7339403679788133E-002
       35000  0.59999999999999998        8.7386320810765028E-003   7.4169307015836239E-002   1.2796954951051232E-002   6.5430674934759736E-002   8.4216211204883040E-002
       35000  0.80000000000000004        8.7386320810765028E-003   4.4722030172124505E-002   1.6982242838753436E-002   3.5983398091048002E-002  0.11175941113425476     
       35000   1.0000000000000000        8.7386320810765028E-003   2.6710014091804624E-002   2.1875739661261582E-002   1.7971382010728121E-002  0.14396330366268137     
       40000  -1.0000000000000000        0.0000000000000000        3.6742612051311880        0.0000000000000000        3.6742612051311880        0.0000000000000000     
       40000  0.20000000000000001        1.2780249118804932E-002   1.2408326470758766        4.3893023483853287E-003   1.2280523979570717        2.2937325473352595E-002
       40000  0.40000000000000002        1.2780249118804932E-002  0.23434292920865119        8.4298622529089904E-003  0.22156268008984625        4.4052215783593210E-002
       40000  0.59999999999999998        1.2780249118804932E-002   8.9010764146223664E-002   1.2319010419658575E-002   7.6230515027418733E-002   6.4375868663792676E-002
       40000  0.80000000000000004        1.2780249118804932E-002   4.8806261271238327E-002   1.6049909139439558E-002   3.6026012152433395E-002   8.3872552066158818E-002
       40000   1.0000000000000000        1.2780249118804932E-002   3.4949068911373615E-002   1.9787203265011041E-002   2.2168819792568684E-002  0.10340265615648572     
       40000  -1.0000000000000000        0.0000000000000000        3.6286015131045133        0.0000000000000000        3.6286015131045133        0.0000000000000000     
       40000  0.20000000000000001        9.9432638380676508E-003   1.1876026927493513        4.2761207955781741E-003   1.1776594289112836        2.8809466470219033E-002
       40000  0.40000000000000002        9.9432638380676508E-003  0.22531216079369187        8.1556457280036829E-003  0.21536889695562422        5.4946951542358922E-002
       40000  0.59999999999999998        9.9432638380676508E-003   8.6458379868417978E-002   1.2187568966443210E-002   7.6515116030350327E-002   8.2111188218842890E-002
       40000  0.80000000000000004        9.9432638380676508E-003   4.4272545725107193E-002   1.6041845197162050E-002   3.4329281887039542E-002  0.10807856546194601     
       40000   1.0000000000000000        9.9432638380676508E-003   3.2047024695202708E-002   2.0074172560732986E-002   2.2103760857135057E-002  0.13524552484669283     
       40000  -1.0000000000000000        0.0000000000000000        3.6706601481419057        0.0000000000000000        3.6706601481419057        0.0000000000000000     
       40000  0.20000000000000001        1.3054136885330081E-002   1.2244846187531948        4.5818168133628691E-003   1.2114304818678647        2.5779396461756667E-002
       40000  0.40000000000000002        1.3054136885330081E-002  0.23691051080822945        8.7459907181677878E-003  0.22385637392289937        4.9208942949643612E-002
       40000  0.59999999999999998        1.3054136885330081E-002   9.0769734932109714E-002   1.2982358959387343E-002   7.7715598046779633E-002   7.3044687785595974E-002
       40000  0.80000000000000004        1.3054136885330081E-002   4.8509852029383183E-002   1.8217205406911803E-002   3.5455715144053102E-002  0.10249832757179747     
       40000   1.0000000000000000        1.3054136885330081E-002   3.4253910882398486E-002   2.2488008844924412E-002   2.1199773997068405E-002  0.12652782057065712     
       40000  -1.0000000000000000        0.0000000000000000        3.6642102610785514        0.0000000000000000        3.6642102610785514        0.0000000000000000     
       40000  0.20000000000000001        1.0110876988619566E-002   1.1912933308631182        4.2185757468515750E-003   1.1811824538744986        2.9771549569514191E-002
       40000  0.40000000000000002        1.0110876988619566E-002  0.24605205305851996        8.1238596694033684E-003  0.23594117606990039        5.7332119975308120E-002
       40000  0.59999999999999998        1.0110876988619566E-002   9.2708487063646317E-002   1.1964401849504381E-002   8.2597610075026751E-002   8.4435791628951234E-002
       40000  0.80000000000000004        1.0110876988619566E-002   5.4800295969471335E-002   1.6157226860812935E-002   4.4689418980851769E-002  0.11402561178416190     
       40000   1.0000000000000000        1.0110876988619566E-002   3.6523813148960471E-002   1.9640620902883130E-002   2.6412936160340905E-002  0.13860879924287745     
       40000  -1.0000000000000000        0.0000000000000000        3.6794536930974573        0.0000000000000000        3.6794536930974573        0.0000000000000000     
       40000  0.20000000000000001        1.0061081033200026E-002   1.1833322560414672        4.4593525975232346E-003   1.1732711750082672        2.9780017324233576E-002
       40000  0.40000000000000002        1.0061081033200026E-002  0.22647934197448194        8.5264186236774578E-003  0.21641826094128191        5.6940304399300090E-002
       40000  0.59999999999999998        1.0061081033200026E-002   8.4719114005565643E-002   1.2608229996237140E-002   7.4658032972365618E-002   8.4199062420945339E-002
       40000  0.80000000000000004        1.0061081033200026E-002   4.4972177129238844E-002   1.6682145175056107E-002   3.4911096096038818E-002  0.11140508884506570     
       40000   1.0000000000000000        1.0061081033200026E-002   3.0116416979581118E-002   2.3024456771584260E-002   2.0055335946381092E-002  0.15375970088565616     
       40000  -1.0000000000000000        0.0000000000000000        3.6464804280549288        0.0000000000000000        3.6464804280549288        0.0000000000000000     
       40000  0.20000000000000001        1.0993485106155276E-002   1.3801105050370097        4.4455593493223375E-003   1.3691170199308544        2.4044938198013087E-002
       40000  0.40000000000000002        1.0993485106155276E-002  0.23847591993398964        8.5284309057336860E-003  0.22748243482783437        4.6128187240521389E-002
       40000  0.59999999999999998        1.0993485106155276E-002   9.5159229123964906E-002   1.2404777759945229E-002   8.4165744017809629E-002   6.7094394914205241E-002
       40000  0.80000000000000004        1.0993485106155276E-002   4.8387722112238407E-002   1.6354685366960903E-002   3.7394237006083131E-002   8.8458474625126488E-002
       40000   1.0000000000000000        1.0993485106155276E-002   3.3179685939103365E-002   2.0609741354459379E-002   2.2186200832948089E-002  0.11147302694779035     
       45000  -1.0000000000000000        0.0000000000000000        4.6583824260160327        0.0000000000000000        4.6583824260160327        0.0000000000000000     
       45000  0.20000000000000001        1.2641168897971511E-002   1.4191311348695308        4.0840438648614740E-003   1.4064899659715593        2.9014930356485939E-002
       45000  0.40000000000000002        1.2641168897971511E-002  0.27324542682617903        7.7680030931135706E-003  0.26060425792820752        5.5187475015844999E-002
       45000  0.59999999999999998        1.2641168897971511E-002  0.10195620474405587        1.1320263996587020E-002   8.9315035846084356E-002   8.0424374063168519E-002
       45000  0.80000000000000004        1.2641168897971511E-002   5.2139612846076488E-002   1.4932665298301236E-002   3.9498443948104978E-002  0.10608853822426335     
       45000   1.0000000000000000        1.2641168897971511E-002   3.7258663913235068E-002   1.8500142605783029E-002   2.4617495015263557E-002  0.13143354162041057     
       45000  -1.0000000000000000        0.0000000000000000        4.6754110569600016        0.0000000000000000        4.6754110569600016        0.0000000000000000     
       45000  0.20000000000000001        1.3433592859655619E-002   1.4013069109059870        4.3211219234626794E-003   1.3878733180463314        2.6155871795662353E-002
       45000  0.40000000000000002        1.3433592859655619E-002  0.26823972491547465        8.2965181692127455E-003  0.25480613205581903        5.0219056399690619E-002
       45000  0.59999999999999998        1.3433592859655619E-002  0.10198251274414361        1.2152079855707364E-002   8.8548919884487987E-002   7.3556879066682054E-002
       45000  0.80000000000000004        1.3433592859655619E-002   5.6379088666290045E-002   1.5825410845191429E-002   4.2945495806634426E-002   9.5791654230579046E-002
       45000   1.0000000000000000        1.3433592859655619E-002   4.1985586751252413E-002   2.0171904190072185E-002   2.8551993891596794E-002  0.12210109994931949     
       45000  -1.0000000000000000        0.0000000000000000        4.6666446768213063        0.0000000000000000        4.6666446768213063        0.0000000000000000     
       45000  0.20000000000000001        1.3007727917283773E-002   1.4680380849167705        4.3832721601121281E-003   1.4550303569994867        2.8035510681984212E-002
       45000  0.40000000000000002        1.3007727917283773E-002  0.27816111198626459        8.3470762233231067E-003  0.26515338406898081        5.3388093660222354E-002
       45000  0.59999999999999998        1.3007727917283773E-002  0.10478904587216675        1.2161530374038916E-002   9.1781317954882979E-002   7.7785431124569177E-002
       45000  0.80000000000000004        1.3007727917283773E-002   5.4860498057678342E-002   1.6065634684885678E-002   4.1852770140394568E-002  0.10275617309819218     
       45000   1.0000000000000000        1.3007727917283773E-002   3.7286676699295640E-002   2.0247769808745104E-002   2.4278948782011867E-002  0.12950520661826978     
       45000  -1.0000000000000000        0.0000000000000000        4.6315346809569746        0.0000000000000000        4.6315346809569746        0.0000000000000000     
       45000  0.20000000000000001        1.4799007913097739E-002   1.4065361458342522        4.4502703406511888E-003   1.3917371379211545        1.8903106707981909E-002
       45000  0.40000000000000002        1.4799007913097739E-002  0.26910841581411660        8.5618822241757941E-003  0.25430940790101886        3.6367717220766919E-002
       45000  0.59999999999999998        1.4799007913097739E-002  0.10435096803121269        1.2556948747821645E-002   8.9551960118114948E-002   5.3337286038222950E-002
       45000  0.80000000000000004        1.4799007913097739E-002   5.7043651817366481E-002   1.6556544511576971E-002   4.2244643904268742E-002   7.0326093396833100E-002
       45000   1.0000000000000000        1.4799007913097739E-002   3.9243377046659589E-002   2.0316274474115631E-002   2.4444369133561850E-002   8.6296039318065745E-002
       45000  -1.0000000000000000        0.0000000000000000        4.6668081870302558        0.0000000000000000        4.6668081870302558        0.0000000000000000     
       45000  0.20000000000000001        1.2396133039146662E-002   1.3959598611108959        4.3320419324675017E-003   1.3835637280717492        2.8761773493834446E-002
       45000  0.40000000000000002        1.2396133039146662E-002  0.26685546408407390        8.3158492294813108E-003  0.25445933104492724        5.5211508954850920E-002
       45000  0.59999999999999998        1.2396133039146662E-002   9.9376537138596177E-002   1.2384259775903971E-002   8.6980404099449515E-002   8.2222951697161831E-002
       45000  0.80000000000000004        1.2396133039146662E-002   5.5093833012506366E-002   1.6407439055205780E-002   4.2697699973359704E-002  0.10893408999181287     
       45000   1.0000000000000000        1.2396133039146662E-002   3.5645723110064864E-002   2.0660276527232561E-002   2.3249590070918202E-002  0.13717000044313521     
       45000  -1.0000000000000000        0.0000000000000000        4.6759364439640194        0.0000000000000000        4.6759364439640194        0.0000000000000000     
       45000  0.20000000000000001        1.2660385109484196E-002   1.4031487910542637        4.1691825586762403E-003   1.3904884059447795        2.9221546906261803E-002
       45000  0.40000000000000002        1.2660385109484196E-002  0.26789744012057781        8.0440397722732412E-003  0.25523705501109362        5.6380185375224212E-002
       45000  0.59999999999999998        1.2660385109484196E-002  0.10001797904260457        1.1600825619994572E-002   8.7357593933120370E-002   8.1309480991801242E-002
       45000  0.80000000000000004        1.2660385109484196E-002   5.6358507135882974E-002   1.5079395493661253E-002   4.3698122026398778E-002  0.10569056560478467     
       45000   1.0000000000000000        1.2660385109484196E-002   3.7498740013688803E-002   2.6535568948222572E-002   2.4838354904204607E-002  0.18598618836950884     
       50000  -1.0000000000000000        0.0000000000000000        5.7383247539401054        0.0000000000000000        5.7383247539401054        0.0000000000000000     
       50000  0.20000000000000001        1.5733340987935662E-002   1.6000871609430760        4.3204181518173681E-003   1.5843538199551404        2.7553265369868466E-002
       50000  0.40000000000000002        1.5733340987935662E-002  0.30437047290615737        8.2618823664546166E-003  0.28863713191822171        5.2689769670050172E-002
       50000  0.59999999999999998        1.5733340987935662E-002  0.11789666698314250        1.2047955050035756E-002  0.10216332599520683        7.6835271724391807E-002
       50000  0.80000000000000004        1.5733340987935662E-002   6.2781995860859752E-002   1.6053963166622193E-002   4.7048654872924089E-002  0.10238340175058445     
       50000   1.0000000000000000        1.5733340987935662E-002   4.4612535042688251E-002   2.1550141813603048E-002   2.8879194054752588E-002  0.13743502487108414     
       50000  -1.0000000000000000        0.0000000000000000        5.7245027241297066        0.0000000000000000        5.7245027241297066        0.0000000000000000     
       50000  0.20000000000000001        1.2573182117193937E-002   1.5378897462505847        4.5729056323181444E-003   1.5253165641333908        2.9661634678668985E-002
       50000  0.40000000000000002        1.2573182117193937E-002  0.29213863098993897        8.7235198449890604E-003  0.27956544887274504        5.6584123872028047E-002
       50000  0.59999999999999998        1.2573182117193937E-002  0.10742295114323497        1.3080296264139599E-002   9.4849769026041031E-002   8.4843860877790986E-002
       50000  0.80000000000000004        1.2573182117193937E-002   5.5914423195645213E-002   1.7127747333770000E-002   4.3341241078451276E-002  0.11109719402306867     
       50000   1.0000000000000000        1.2573182117193937E-002   3.9488918147981167E-002   2.1357793386961279E-002   2.6915736030787230E-002  0.13853490885736777     
       50000  -1.0000000000000000        0.0000000000000000        5.9133317121304572        0.0000000000000000        5.9133317121304572        0.0000000000000000     
       50000  0.20000000000000001        1.4981795102357864E-002   1.5961897042579949        4.4190489828946243E-003   1.5812079091556370        1.1398142785824189E-002
       50000  0.40000000000000002        1.4981795102357864E-002  0.29897807212546468        8.4255213921699476E-003  0.28399627702310681        2.1732118436501909E-002
       50000  0.59999999999999998        1.4981795102357864E-002  0.11245210701599717        1.2182129029523059E-002   9.7470311913639307E-002   3.1421612806582642E-002
       50000  0.80000000000000004        1.4981795102357864E-002   5.9354890137910843E-002   1.6033649185780405E-002   4.4373095035552979E-002   4.1355916964203689E-002
       50000   1.0000000000000000        1.4981795102357864E-002   4.4463159050792456E-002   1.9803718986374945E-002   2.9481363948434591E-002   5.1080134565329331E-002
       50000  -1.0000000000000000        0.0000000000000000        5.7456478071399033        0.0000000000000000        5.7456478071399033        0.0000000000000000     
       50000  0.20000000000000001        1.4094698010012507E-002   1.5986087259370834        4.4700193839017884E-003   1.5845140279270709        2.9576894120465391E-002
       50000  0.40000000000000002        1.4094698010012507E-002  0.31505010300315917        8.5674425943494687E-003  0.30095540499314666        5.6688421398981351E-002
       50000  0.59999999999999998        1.4094698010012507E-002  0.12170612206682563        1.2403541494568366E-002  0.10761142405681312        8.2070837282012976E-002
       50000  0.80000000000000004        1.4094698010012507E-002   6.5239230170845985E-002   1.6315869297123264E-002   5.1144532160833478E-002  0.10795763893603944     
       50000   1.0000000000000000        1.4094698010012507E-002   4.4393155025318265E-002   2.0404135673208184E-002   3.0298457015305758E-002  0.13500857794923349     
       50000  -1.0000000000000000        0.0000000000000000        5.7779228279832751        0.0000000000000000        5.7779228279832751        0.0000000000000000     
       50000  0.20000000000000001        1.3206875883042812E-002   1.5750899380072951        4.3577408605996251E-003   1.5618830621242523        2.7930422099525884E-002
       50000  0.40000000000000002        1.3206875883042812E-002  0.30082047590985894        8.3255798731659437E-003  0.28761360002681613        5.3361814646510415E-002
       50000  0.59999999999999998        1.3206875883042812E-002  0.11697091185487807        1.2381135981145267E-002  0.10376403597183526        7.9355419490784354E-002
       50000  0.80000000000000004        1.3206875883042812E-002   5.8579294709488750E-002   1.7551581618614844E-002   4.5372418826445937E-002  0.11249477626228963     
       50000   1.0000000000000000        1.3206875883042812E-002   4.3541507795453072E-002   2.1705796080705525E-002   3.0334631912410259E-002  0.13912072010103871     
       50000  -1.0000000000000000        0.0000000000000000        5.7355872050393373        0.0000000000000000        5.7355872050393373        0.0000000000000000     
       50000  0.20000000000000001        1.3104280922561884E-002   1.6091039860621095        4.4642567839718855E-003   1.5959997051395476        1.3555562215778657E-002
       50000  0.40000000000000002        1.3104280922561884E-002  0.29357925686053932        8.5528004460326771E-003  0.28047497593797743        2.5970284456214545E-002
       50000  0.59999999999999998        1.3104280922561884E-002  0.11036067502573133        1.2356249508221784E-002   9.7256394103169441E-002   3.7519326747455235E-002
       50000  0.80000000000000004        1.3104280922561884E-002   5.6639787042513490E-002   1.6483960300399680E-002   4.3535506119951606E-002   5.0052978631683592E-002
       50000   1.0000000000000000        1.3104280922561884E-002   4.1492196032777429E-002   2.1224319291991239E-002   2.8387915110215545E-002   6.4446915706798280E-002
