         100   3.30000184E-05
         100   1.50001142E-05
         100   1.49998814E-05
         100   1.80001371E-05
         100   1.49998814E-05
         100   1.40001066E-05
         100   1.59998890E-05
         100   1.40001066E-05
         100   1.59998890E-05
         100   1.70001294E-05
         200   2.90002208E-05
         200   2.79999804E-05
         200   2.69999728E-05
         200   3.10000032E-05
         200   2.79999804E-05
         200   2.99999956E-05
         200   2.79999804E-05
         200   2.80002132E-05
         200   2.79999804E-05
         200   2.69999728E-05
         300   4.19998541E-05
         300   4.19998541E-05
         300   4.30000946E-05
         300   4.30000946E-05
         300   4.30000946E-05
         300   4.19998541E-05
         300   4.10000794E-05
         300   3.89995985E-05
         300   4.30000946E-05
         300   4.10000794E-05
         400   5.70002012E-05
         400   5.70002012E-05
         400   5.50001860E-05
         400   5.19999303E-05
         400   5.59999608E-05
         400   5.49997203E-05
         400   5.30001707E-05
         400   5.59999608E-05
         400   5.20003960E-05
         400   5.39999455E-05
         500   6.70002773E-05
         500   6.99991360E-05
         500   6.70002773E-05
         500   6.20000064E-05
         500   6.30002469E-05
         500   6.49997965E-05
         500   6.30002469E-05
         500   5.79999760E-05
         500   6.30002469E-05
         500   6.30002469E-05
         600   7.80001283E-05
         600   7.59996474E-05
         600   7.80001283E-05
         600   7.40000978E-05
         600   7.29998574E-05
         600   7.39991665E-05
         600   9.09995288E-05
         600   7.59996474E-05
         600   7.40000978E-05
         600   7.29998574E-05
         700   8.60001892E-05
         700   8.99992883E-05
         700   9.09995288E-05
         700   8.80006701E-05
         700   8.80006701E-05
         700   8.70004296E-05
         700   8.70004296E-05
         700   8.60001892E-05
         700   8.39997083E-05
         700   8.29994678E-05
         800   1.03000551E-04
         800   1.03000551E-04
         800   9.90014523E-05
         800   9.50004905E-05
         800   9.49986279E-05
         800   9.40002501E-05
         800   9.40002501E-05
         800   9.50004905E-05
         800   9.70009714E-05
         800   9.49986279E-05
         900   1.09998509E-04
         900   1.06001273E-04
         900   1.03000551E-04
         900   1.07999891E-04
         900   1.03998929E-04
         900   1.01000071E-04
         900   1.01998448E-04
         900   1.02000311E-04
         900   1.13999471E-04
         900   9.99998301E-05
        1000   1.10998750E-04
        1000   1.19000673E-04
        1000   1.17000192E-04
        1000   1.17000192E-04
        1000   1.17998570E-04
        1000   1.26000494E-04
        1000   1.16001815E-04
        1000   1.19000673E-04
        1000   1.13997608E-04
        1000   1.12999231E-04
        1100   1.36997551E-04
        1100   1.26000494E-04
        1100   1.30001456E-04
        1100   1.26998872E-04
        1100   1.27002597E-04
        1100   1.19999051E-04
        1100   1.26998872E-04
        1100   1.24998391E-04
        1100   1.28999352E-04
        1100   1.30001456E-04
        1200   1.37001276E-04
        1200   1.46999955E-04
        1200   1.40998513E-04
        1200   1.67001039E-04
        1200   1.42998993E-04
        1200   1.42998993E-04
        1200   1.42000616E-04
        1200   1.38998032E-04
        1200   1.40000135E-04
        1200   1.41002238E-04
        1300   1.55001879E-04
        1300   1.52997673E-04
        1300   1.56000257E-04
        1300   1.54998153E-04
        1300   1.54998153E-04
        1300   1.57002360E-04
        1300   1.55001879E-04
        1300   1.49998814E-04
        1300   1.54998153E-04
        1300   1.53999776E-04
        1400   1.74000859E-04
        1400   1.67999417E-04
        1400   1.74000859E-04
        1400   1.81000680E-04
        1400   1.67999417E-04
        1400   1.69001520E-04
        1400   1.76005065E-04
        1400   1.65998936E-04
        1400   1.77003443E-04
        1400   1.65998936E-04
        1500   1.77994370E-04
        1500   1.83999538E-04
        1500   1.83999538E-04
        1500   1.87002122E-04
        1500   1.88000500E-04
        1500   1.83999538E-04
        1500   1.80006027E-04
        1500   1.85996294E-04
        1500   1.84997916E-04
        1500   1.80996954E-04
        1600   2.07997859E-04
        1600   2.05002725E-04
        1600   2.15001404E-04
        1600   2.05002725E-04
        1600   2.02000141E-04
        1600   2.09994614E-04
        1600   2.09003687E-04
        1600   2.06001103E-04
        1600   2.06001103E-04
        1600   2.02000141E-04
        1700   2.15001404E-04
        1700   2.19002366E-04
        1700   2.12997198E-04
        1700   2.09003687E-04
        1700   2.12997198E-04
        1700   2.10002065E-04
        1700   2.13004649E-04
        1700   2.18003988E-04
        1700   2.12997198E-04
        1700   2.13004649E-04
        1800   2.25000083E-04
        1800   2.24001706E-04
        1800   2.21997499E-04
        1800   2.28002667E-04
        1800   2.31996179E-04
        1800   2.25000083E-04
        1800   2.29001045E-04
        1800   2.24001706E-04
        1800   2.22995877E-04
        1800   2.30997801E-04
        1900   2.48998404E-04
        1900   2.51002610E-04
        1900   2.42002308E-04
        1900   2.48998404E-04
        1900   2.48000026E-04
        1900   2.52999365E-04
        1900   2.44997442E-04
        1900   2.49996781E-04
        1900   2.48000026E-04
        1900   2.54996121E-04
        2000   2.62998044E-04
        2000   2.71998346E-04
        2000   2.68995762E-04
        2000   2.60993838E-04
        2000   2.62007117E-04
        2000   2.65002251E-04
        2000   2.69010663E-04
        2000   2.59011984E-04
        2000   2.66999006E-04
        2000   2.65002251E-04
        2100   2.90006399E-04
        2100   2.93999910E-04
        2100   2.88993120E-04
        2100   2.87994742E-04
        2100   2.88009644E-04
        2100   2.99006701E-04
        2100   2.83002853E-04
        2100   2.89008021E-04
        2100   2.90989876E-04
        2100   2.91988254E-04
        2200   2.93999910E-04
        2200   2.93001533E-04
        2200   2.84999609E-04
        2200   2.89008021E-04
        2200   2.96995044E-04
        2200   2.89008021E-04
        2200   3.06993723E-04
        2200   2.89008021E-04
        2200   2.86996365E-04
        2200   2.85997987E-04
        2300   3.05995345E-04
        2300   3.03998590E-04
        2300   3.06993723E-04
        2300   3.08007002E-04
        2300   3.13997269E-04
        2300   3.07008624E-04
        2300   3.13997269E-04
        2300   3.12000513E-04
        2300   3.05995345E-04
        2300   3.03998590E-04
        2400   3.32996249E-04
        2400   3.37004662E-04
        2400   3.33011150E-04
        2400   3.31997871E-04
        2400   3.29002738E-04
        2400   3.26007605E-04
        2400   3.30999494E-04
        2400   3.36006284E-04
        2400   3.30999494E-04
        2400   3.25992703E-04
        2500   3.40998173E-04
        2500   3.34993005E-04
        2500   3.43009830E-04
        2500   3.44008207E-04
        2500   3.42994928E-04
        2500   3.34993005E-04
        2500   3.43009830E-04
        2500   3.37004662E-04
        2500   3.39001417E-04
        2500   3.43993306E-04
        2600   3.52993608E-04
        2600   3.52993608E-04
        2600   3.65003943E-04
        2600   3.66002321E-04
        2600   3.54990363E-04
        2600   3.59997153E-04
        2600   3.63007188E-04
        2600   3.56003642E-04
        2600   3.56003642E-04
        2600   3.58000398E-04
        2700   3.76999378E-04
        2700   3.73005867E-04
        2700   3.73005867E-04
        2700   3.83004546E-04
        2700   3.76001000E-04
        2700   3.80992889E-04
        2700   3.74004245E-04
        2700   3.76001000E-04
        2700   3.81007791E-04
        2700   3.76999378E-04
        2800   3.94001603E-04
        2800   3.87012959E-04
        2800   3.99008393E-04
        2800   3.92019749E-04
        2800   4.04000282E-04
        2800   3.42011452E-04
        2800   3.40998173E-04
        2800   3.30984592E-04
        2800   3.36021185E-04
        2800   3.33994627E-04
        2900   3.54021788E-04
        2900   3.46988440E-04
        2900   3.42994928E-04
        2900   3.44991684E-04
        2900   3.42994928E-04
        2900   3.43978405E-04
        2900   3.40014696E-04
        2900   3.35991383E-04
        2900   3.49998474E-04
        2900   3.51995230E-04
        3000   3.67015600E-04
        3000   3.56972218E-04
        3000   3.55988741E-04
        3000   3.55005264E-04
        3000   3.60012054E-04
        3000   3.59982252E-04
        3000   3.60012054E-04
        3000   3.56018543E-04
        3000   3.58998775E-04
        3000   3.65018845E-04
        3100   3.76015902E-04
        3100   3.85016203E-04
        3100   3.67015600E-04
        3100   3.76999378E-04
        3100   3.80992889E-04
        3100   3.71992588E-04
        3100   3.80992889E-04
        3100   3.73989344E-04
        3100   3.78996134E-04
        3100   3.71992588E-04
        3200   4.13000584E-04
        3200   4.11003828E-04
        3200   4.05013561E-04
        3200   3.96996737E-04
        3200   4.16010618E-04
        3200   4.11003828E-04
        3200   4.16994095E-04
        3200   4.11003828E-04
        3200   4.40001488E-04
        3200   4.01020050E-04
        3300   4.06026840E-04
        3300   3.96996737E-04
        3300   4.02003527E-04
        3300   4.04000282E-04
        3300   3.95983458E-04
        3300   4.00990248E-04
        3300   3.96996737E-04
        3300   3.96996737E-04
        3300   3.98993492E-04
        3300   3.94999981E-04
        3400   4.21017408E-04
        3400   4.18990850E-04
        3400   4.09007072E-04
        3400   4.16010618E-04
        3400   4.18990850E-04
        3400   4.11987305E-04
        3400   4.13984060E-04
        3400   4.21017408E-04
        3400   4.19020653E-04
        3400   4.19974327E-04
        3500   4.22000885E-04
        3500   4.47005033E-04
        3500   4.20004129E-04
        3500   4.27991152E-04
        3500   4.32997942E-04
        3500   4.25994396E-04
        3500   4.23997641E-04
        3500   4.27007675E-04
        3500   4.40001488E-04
        3500   4.30017710E-04
        3600   4.42981720E-04
        3600   4.47988510E-04
        3600   4.45008278E-04
        3600   4.54992056E-04
        3600   4.46975231E-04
        3600   4.47988510E-04
        3600   4.49001789E-04
        3600   4.40001488E-04
        3600   4.48018312E-04
        3600   4.37021255E-04
        3700   4.57018614E-04
        3700   4.69982624E-04
        3700   4.60982323E-04
        3700   4.63992357E-04
        3700   4.56988811E-04
        3700   4.54008579E-04
        3700   4.52011824E-04
        3700   4.52995300E-04
        3700   4.59998846E-04
        3700   4.61012125E-04
        3800   4.79012728E-04
        3800   4.76002693E-04
        3800   4.83989716E-04
        3800   4.72009182E-04
        3800   4.73976135E-04
        3800   4.72009182E-04
        3800   4.74005938E-04
        3800   4.68999147E-04
        3800   4.73022461E-04
        3800   4.86999750E-04
        3900   4.81992960E-04
        3900   4.79012728E-04
        3900   4.79996204E-04
        3900   4.86016273E-04
        3900   4.77999449E-04
        3900   4.81992960E-04
        3900   4.95016575E-04
        3900   4.92990017E-04
        3900   4.86999750E-04
        3900   4.85986471E-04
        4000   5.19990921E-04
        4000   5.13017178E-04
        4000   5.14000654E-04
        4000   5.14984131E-04
        4000   5.15997410E-04
        4000   5.16980886E-04
        4000   5.08010387E-04
        4000   5.40971756E-04
        4000   5.09977341E-04
        4000   5.10990620E-04
        4100   5.61058521E-04
        4100   5.66005707E-04
        4100   5.64992428E-04
        4100   5.63025475E-04
        4100   5.58018684E-04
        4100   5.62012196E-04
        4100   5.81979752E-04
        4100   5.54025173E-04
        4100   5.51998615E-04
        4100   5.77986240E-04
        4200   5.28991222E-04
        4200   5.31017780E-04
        4200   5.33998013E-04
        4200   5.36024570E-04
        4200   5.48005104E-04
        4200   5.33998013E-04
        4200   5.28991222E-04
        4200   5.36024570E-04
        4200   5.32984734E-04
        4200   5.31971455E-04
        4300   5.45024872E-04
        4300   5.42998314E-04
        4300   5.44011593E-04
        4300   5.36024570E-04
        4300   5.42998314E-04
        4300   5.45978546E-04
        4300   5.47945499E-04
        4300   5.45978546E-04
        4300   5.41985035E-04
        4300   5.40971756E-04
        4400   5.86986542E-04
        4400   5.72979450E-04
        4400   5.57005405E-04
        4400   5.60998917E-04
        4400   5.72979450E-04
        4400   5.59985638E-04
        4400   5.59985638E-04
        4400   5.60998917E-04
        4400   5.69999218E-04
        4400   5.60998917E-04
        4500   5.81026077E-04
        4500   5.76019287E-04
        4500   5.73039055E-04
        4500   5.71012497E-04
        4500   5.71012497E-04
        4500   5.73992729E-04
        4500   5.91039658E-04
        4500   5.76019287E-04
        4500   5.69999218E-04
        4500   5.78999519E-04
        4600   6.12020493E-04
        4600   5.95986843E-04
        4600   6.04033470E-04
        4600   5.97000122E-04
        4600   6.00993633E-04
        4600   5.96046448E-04
        4600   5.93006611E-04
        4600   5.93960285E-04
        4600   6.12974167E-04
        4600   5.94973564E-04
        4700   6.03973866E-04
        4700   6.12974167E-04
        4700   5.95986843E-04
        4700   5.99026680E-04
        4700   6.11007214E-04
        4700   6.08980656E-04
        4700   6.02006912E-04
        4700   6.08026981E-04
        4700   6.15000725E-04
        4700   5.99026680E-04
        4800   6.54995441E-04
        4800   6.42001629E-04
        4800   6.66022301E-04
        4800   6.44981861E-04
        4800   6.51001930E-04
        4800   6.53982162E-04
        4800   6.51001930E-04
        4800   6.65009022E-04
        4800   6.71029091E-04
        4800   6.58035278E-04
        4900   6.34968281E-04
        4900   6.36994839E-04
        4900   6.49988651E-04
        4900   6.43014908E-04
        4900   6.35027885E-04
        4900   6.38008118E-04
        4900   6.39021397E-04
        4900   6.33001328E-04
        4900   6.35981560E-04
        4900   6.26027584E-04
        5000   6.47962093E-04
        5000   6.57021999E-04
        5000   6.57975674E-04
        5000   6.52015209E-04
        5000   6.53028488E-04
        5000   6.58988953E-04
        5000   6.48975372E-04
        5000   6.48021698E-04
        5000   6.63995743E-04
        5000   6.60955906E-04
        5100   6.81042671E-04
        5100   6.80983067E-04
        5100   6.72996044E-04
        5100   7.05957413E-04
        5100   6.80029392E-04
        5100   6.65962696E-04
        5100   6.74009323E-04
        5100   6.76989555E-04
        5100   6.87956810E-04
        5100   6.79969788E-04
        5200   6.76989555E-04
        5200   6.85989857E-04
        5200   6.81042671E-04
        5200   6.89029694E-04
        5200   6.96003437E-04
        5200   6.82950020E-04
        5200   6.81042671E-04
        5200   6.90996647E-04
        5200   6.87003136E-04
        5200   6.92009926E-04
        5300   7.11977482E-04
        5300   6.96003437E-04
        5300   6.84022903E-04
        5300   7.08043575E-04
        5300   6.85989857E-04
        5300   7.11977482E-04
        5300   6.90996647E-04
        5300   6.96003437E-04
        5300   6.93023205E-04
        5300   7.05003738E-04
        5400   7.42018223E-04
        5400   7.01010227E-04
        5400   7.14957714E-04
        5400   7.07030296E-04
        5400   7.12037086E-04
        5400   7.10010529E-04
        5400   7.12990761E-04
        5400   7.14004040E-04
        5400   7.07030296E-04
        5400   7.17043877E-04
        5500   7.30991364E-04
        5500   7.30991364E-04
        5500   7.26997852E-04
        5500   7.35998154E-04
        5500   7.30991364E-04
        5500   7.22944736E-04
        5500   7.38024712E-04
        5500   7.28964806E-04
        5500   7.29978085E-04
        5500   7.26997852E-04
        5600   7.44998455E-04
        5600   7.47978687E-04
        5600   7.59005547E-04
        5600   7.61985779E-04
        5600   7.66992569E-04
        5600   7.51018524E-04
        5600   7.50958920E-04
        5600   7.48038292E-04
        5600   7.42971897E-04
        5600   7.63952732E-04
        5700   7.66992569E-04
        5700   7.61032104E-04
        5700   7.48991966E-04
        5700   7.62999058E-04
        5700   7.46965408E-04
        5700   7.66992569E-04
        5700   7.51972198E-04
        5700   7.82966614E-04
        5700   7.71999359E-04
        5700   7.51972198E-04
        5800   7.69019127E-04
        5800   7.78913498E-04
        5800   7.73072243E-04
        5800   7.71999359E-04
        5800   7.72953033E-04
        5800   7.97986984E-04
        5800   7.79986382E-04
        5800   7.83085823E-04
        5800   7.88927078E-04
        5800   7.90953636E-04
        5900   7.92026520E-04
        5900   7.93099403E-04
        5900   8.08000565E-04
        5900   7.89999962E-04
        5900   7.89046288E-04
        5900   7.84993172E-04
        5900   7.94053078E-04
        5900   7.87019730E-04
        5900   7.87019730E-04
        5900   7.92980194E-04
        6000   8.17060471E-04
        6000   8.13007355E-04
        6000   8.05974007E-04
        6000   8.07046890E-04
        6000   8.00967216E-04
        6000   8.02040100E-04
        6000   8.13007355E-04
        6000   8.13961029E-04
        6000   8.10980797E-04
        6000   8.01920891E-04
        6100   8.26001167E-04
        6100   8.26954842E-04
        6100   8.69989395E-04
        6100   8.43048096E-04
        6100   8.45909119E-04
        6100   8.33988190E-04
        6100   8.31007957E-04
        6100   8.39948654E-04
        6100   8.38994980E-04
        6100   8.32915306E-04
        6200   8.49962234E-04
        6200   8.57949257E-04
        6200   8.69035721E-04
        6200   8.53061676E-04
        6200   8.62002373E-04
        6200   8.54015350E-04
        6200   8.51988792E-04
        6200   8.49962234E-04
        6200   8.59975815E-04
        6200   8.72015953E-04
        6300   8.46982002E-04
        6300   8.41021538E-04
        6300   8.64028931E-04
        6300   8.41021538E-04
        6300   8.44955444E-04
        6300   8.41021538E-04
        6300   8.46982002E-04
        6300   8.41975212E-04
        6300   8.56995583E-04
        6300   8.45074654E-04
        6400   9.11951065E-04
        6400   9.26971436E-04
        6400   9.36031342E-04
        6400   9.10043716E-04
        6400   9.15050507E-04
        6400   9.21010971E-04
        6400   9.16004181E-04
        6400   9.18030739E-04
        6400   9.04917717E-04
        6400   9.13023949E-04
        6500   8.79049301E-04
        6500   8.77022743E-04
        6500   8.75949860E-04
        6500   8.80002975E-04
        6500   8.85009766E-04
        6500   8.92043114E-04
        6500   8.92996788E-04
        6500   8.77022743E-04
        6500   8.67962837E-04
        6500   8.74996185E-04
        6600   8.97049904E-04
        6600   9.39011574E-04
        6600   9.01937485E-04
        6600   9.05990601E-04
        6600   9.23991203E-04
        6600   8.90016556E-04
        6600   8.98957253E-04
        6600   9.05036926E-04
        6600   9.08017159E-04
        6600   9.06944275E-04
        6700   9.10997391E-04
        6700   9.18030739E-04
        6700   9.17911530E-04
        6700   9.74059105E-04
        6700   9.28997993E-04
        6700   9.15050507E-04
        6700   9.05036926E-04
        6700   9.16957855E-04
        6700   9.06944275E-04
        6700   9.16004181E-04
        6800   9.32097435E-04
        6800   9.33051109E-04
        6800   9.34004784E-04
        6800   9.30905342E-04
        6800   9.30070877E-04
        6800   9.43899155E-04
        6800   9.44018364E-04
        6800   9.39011574E-04
        6800   9.31978226E-04
        6800   9.36031342E-04
        6900   9.59038734E-04
        6900   9.54985619E-04
        6900   9.77039337E-04
        6900   9.52959061E-04
        6900   9.46998596E-04
        6900   9.59038734E-04
        6900   9.42945480E-04
        6900   9.35077667E-04
        6900   9.79065895E-04
        6900   9.39011574E-04
        7000   9.55939293E-04
        7000   9.60946083E-04
        7000   9.77993011E-04
        7000   9.94086266E-04
        7000   9.65952873E-04
        7000   9.42945480E-04
        7000   9.78946686E-04
        7000   9.85980034E-04
        7000   9.83953476E-04
        7000   9.68933105E-04
        7100   9.72986221E-04
        7100   9.80019569E-04
        7100   9.88006592E-04
        7100   1.00600719E-03
        7100   9.72986221E-04
        7100   9.75966454E-04
        7100   9.84072685E-04
        7100   9.62018967E-04
        7100   9.77993011E-04
        7100   9.95039940E-04
        7200   1.00696087E-03
        7200   1.02996826E-03
        7200   1.02698803E-03
        7200   1.01792812E-03
        7200   1.04200840E-03
        7200   1.03700161E-03
        7200   1.01995468E-03
        7200   1.02293491E-03
        7200   1.02293491E-03
        7200   1.02698803E-03
        7300   1.01506710E-03
        7300   1.00803375E-03
        7300   1.03294849E-03
        7300   1.02305412E-03
        7300   1.01804733E-03
        7300   1.00898743E-03
        7300   1.01494789E-03
        7300   1.01101398E-03
        7300   1.01804733E-03
        7300   1.01697445E-03
        7400   1.00696087E-03
        7400   1.04701519E-03
        7400   1.02293491E-03
        7400   1.03497505E-03
        7400   1.04105473E-03
        7400   1.00898743E-03
        7400   1.02496147E-03
        7400   1.02508068E-03
        7400   1.03902817E-03
        7400   1.04701519E-03
        7500   1.07395649E-03
        7500   1.07288361E-03
        7500   1.06501579E-03
        7500   1.07502937E-03
        7500   1.05404854E-03
        7500   1.04999542E-03
        7500   1.05988979E-03
        7500   1.08289719E-03
        7500   1.06298923E-03
        7500   1.06906891E-03
        7600   1.06406212E-03
        7600   1.05690956E-03
        7600   1.09302998E-03
        7600   1.07693672E-03
        7600   1.09696388E-03
        7600   1.06596947E-03
        7600   1.06096268E-03
        7600   1.09195709E-03
        7600   1.08003616E-03
        7600   1.08492374E-03
        7700   1.07300282E-03
        7700   1.08313560E-03
        7700   1.10101700E-03
        7700   1.08397007E-03
        7700   1.11305714E-03
        7700   1.08504295E-03
        7700   1.08504295E-03
        7700   1.11305714E-03
        7700   1.07598305E-03
        7700   1.08003616E-03
        7800   1.08397007E-03
        7800   1.08289719E-03
        7800   1.09291077E-03
        7800   1.08194351E-03
        7800   1.12402439E-03
        7800   1.12295151E-03
        7800   1.11091137E-03
        7800   1.15203857E-03
        7800   1.10602379E-03
        7800   1.10602379E-03
        7900   1.11508369E-03
        7900   1.10816956E-03
        7900   1.10399723E-03
        7900   1.11413002E-03
        7900   1.11198425E-03
        7900   1.09791756E-03
        7900   1.08802319E-03
        7900   1.14095211E-03
        7900   1.11401081E-03
        7900   1.10805035E-03
        8000   1.17504597E-03
        8000   1.16896629E-03
        8000   1.17683411E-03
        8000   1.15191936E-03
        8000   1.18017197E-03
        8000   1.18303299E-03
        8000   1.19614601E-03
        8000   1.18196011E-03
        8000   1.19197369E-03
        8000   1.18684769E-03
        8100   1.15513802E-03
        8100   1.13606453E-03
        8100   1.14798546E-03
        8100   1.15799904E-03
        8100   1.16395950E-03
        8100   1.16288662E-03
        8100   1.18708611E-03
        8100   1.15609169E-03
        8100   1.16503239E-03
        8100   1.15692616E-03
        8200   1.23095512E-03
        8200   1.24895573E-03
        8200   1.23691559E-03
        8200   1.23500824E-03
        8200   1.24287605E-03
        8200   1.26802921E-03
        8200   1.24990940E-03
        8200   1.28817558E-03
        8200   1.24979019E-03
        8200   1.26004219E-03
        8300   1.17897987E-03
        8300   1.17516518E-03
        8300   1.17993355E-03
        8300   1.17897987E-03
        8300   1.19495392E-03
        8300   1.20306015E-03
        8300   1.16896629E-03
        8300   1.17611885E-03
        8300   1.17802620E-03
        8300   1.17111206E-03
        8400   1.19400024E-03
        8400   1.20878220E-03
        8400   1.19805336E-03
        8400   1.20902061E-03
        8400   1.25193596E-03
        8400   1.21068954E-03
        8400   1.21402740E-03
        8400   1.20687485E-03
        8400   1.24406815E-03
        8400   1.21903419E-03
        8500   1.20973587E-03
        8500   1.24406815E-03
        8500   1.21283531E-03
        8500   1.22094154E-03
        8500   1.21498108E-03
        8500   1.20496750E-03
        8500   1.22308731E-03
        8500   1.22380257E-03
        8500   1.21498108E-03
        8500   1.22404099E-03
        8600   1.24406815E-03
        8600   1.23929977E-03
        8600   1.22785568E-03
        8600   1.22904778E-03
        8600   1.22499466E-03
        8600   1.23596191E-03
        8600   1.24406815E-03
        8600   1.26504898E-03
        8600   1.24120712E-03
        8600   1.24406815E-03
        8700   1.19495392E-03
        8700   1.22594833E-03
        8700   1.20806694E-03
        8700   1.18303299E-03
        8700   1.18684769E-03
        8700   1.18112564E-03
        8700   1.18398666E-03
        8700   1.19400024E-03
        8700   1.20496750E-03
        8700   1.18303299E-03
        8800   1.24001503E-03
        8800   1.23381615E-03
        8800   1.23786926E-03
        8800   1.23000145E-03
        8800   1.22308731E-03
        8800   1.23977661E-03
        8800   1.24096870E-03
        8800   1.23500824E-03
        8800   1.26791000E-03
        8800   1.21188164E-03
        8900   1.21283531E-03
        8900   1.21998787E-03
        8900   1.22785568E-03
        8900   1.21307373E-03
        8900   1.23405457E-03
        8900   1.25193596E-03
        8900   1.22714043E-03
        8900   1.22499466E-03
        8900   1.23310089E-03
        8900   1.22690201E-03
        9000   1.35588646E-03
        9000   1.31106377E-03
        9000   1.32393837E-03
        9000   1.30796432E-03
        9000   1.29485130E-03
        9000   1.32369995E-03
        9000   1.32179260E-03
        9000   1.30605698E-03
        9000   1.31607056E-03
        9000   1.30009651E-03
        9100   1.32107735E-03
        9100   1.33991241E-03
        9100   1.32513046E-03
        9100   1.33800507E-03
        9100   1.31487846E-03
        9100   1.31177902E-03
        9100   1.32203102E-03
        9100   1.33323669E-03
        9100   1.34086609E-03
        9100   1.32989883E-03
        9200   1.36303902E-03
        9200   1.36518478E-03
        9200   1.37400627E-03
        9200   1.37376785E-03
        9200   1.36899948E-03
        9200   1.42383575E-03
        9200   1.38783455E-03
        9200   1.41596794E-03
        9200   1.38092041E-03
        9200   1.39999390E-03
        9300   1.34396553E-03
        9300   1.33395195E-03
        9300   1.38807297E-03
        9300   1.38998032E-03
        9300   1.33109093E-03
        9300   1.36280060E-03
        9300   1.39188766E-03
        9300   1.32799149E-03
        9300   1.35803223E-03
        9300   1.32608414E-03
        9400   1.39713287E-03
        9400   1.39284134E-03
        9400   1.38521194E-03
        9400   1.39021873E-03
        9400   1.36899948E-03
        9400   1.38592720E-03
        9400   1.39904022E-03
        9400   1.41000748E-03
        9400   1.40905380E-03
        9400   1.41096115E-03
        9500   1.42788887E-03
        9500   1.40810013E-03
        9500   1.37090683E-03
        9500   1.37805939E-03
        9500   1.39284134E-03
        9500   1.41406059E-03
        9500   1.37996674E-03
        9500   1.41000748E-03
        9500   1.38616562E-03
        9500   1.42812729E-03
        9600   1.49321556E-03
        9600   1.48105621E-03
        9600   1.48105621E-03
        9600   1.47390366E-03
        9600   1.50489807E-03
        9600   1.49607658E-03
        9600   1.50489807E-03
        9600   1.49583817E-03
        9600   1.51395798E-03
        9600   1.51395798E-03
        9700   1.46198273E-03
        9700   1.43814087E-03
        9700   1.48487091E-03
        9700   1.43885612E-03
        9700   1.43003464E-03
        9700   1.44004822E-03
        9700   1.46222115E-03
        9700   1.45578384E-03
        9700   1.43194199E-03
        9700   1.43814087E-03
        9800   1.50704384E-03
        9800   1.42908096E-03
        9800   1.43003464E-03
        9800   1.42431259E-03
        9800   1.45888329E-03
        9800   1.44100189E-03
        9800   1.46627426E-03
        9800   1.45602226E-03
        9800   1.46102905E-03
        9800   1.46102905E-03
        9900   1.50299072E-03
        9900   1.46913528E-03
        9900   1.45792961E-03
        9900   1.49297714E-03
        9900   1.45888329E-03
        9900   1.51109695E-03
        9900   1.48606300E-03
        9900   1.50108337E-03
        9900   1.47294998E-03
        9900   1.47986412E-03
       10000   1.51395798E-03
       10000   1.52301788E-03
       10000   1.47724152E-03
       10000   1.51395798E-03
       10000   1.49178505E-03
       10000   1.47104263E-03
       10000   1.51109695E-03
       10000   1.50012970E-03
       10000   1.50680542E-03
       10000   1.50918961E-03
       10100   1.53422356E-03
       10100   1.50108337E-03
       10100   1.49774551E-03
       10100   1.49083138E-03
       10100   1.52611732E-03
       10100   1.50418282E-03
       10100   1.47891045E-03
       10100   1.54614449E-03
       10100   1.56688690E-03
       10100   1.50299072E-03
       10200   1.58715248E-03
       10200   1.53923035E-03
       10200   1.55687332E-03
       10200   1.52802467E-03
       10200   1.56497955E-03
       10200   1.56307220E-03
       10200   1.55687332E-03
       10200   1.57308578E-03
       10200   1.54089928E-03
       10200   1.60789490E-03
       10300   1.57690048E-03
       10300   1.53708458E-03
       10300   1.59502029E-03
       10300   1.57189369E-03
       10300   1.62601471E-03
       10300   1.56402588E-03
       10300   1.58381462E-03
       10300   1.54995918E-03
       10300   1.56593323E-03
       10300   1.58596039E-03
       10400   1.59502029E-03
       10400   1.58715248E-03
       10400   1.58405304E-03
       10400   1.58810616E-03
       10400   1.60598755E-03
       10400   1.60717964E-03
       10400   1.58715248E-03
       10400   1.59406662E-03
       10400   1.63006783E-03
       10400   1.57499313E-03
       10500   1.59001350E-03
       10500   1.61409378E-03
       10500   1.63221359E-03
       10500   1.60121918E-03
       10500   1.60598755E-03
       10500   1.56998634E-03
       10500   1.58810616E-03
       10500   1.55997276E-03
       10500   1.60312653E-03
       10500   1.59597397E-03
       10600   1.60408020E-03
       10600   1.62792206E-03
       10600   1.62911415E-03
       10600   1.62410736E-03
       10600   1.62601471E-03
       10600   1.60503387E-03
       10600   1.63793564E-03
       10600   1.61886215E-03
       10600   1.61004066E-03
       10600   1.63412094E-03
       10700   1.63483620E-03
       10700   1.63197517E-03
       10700   1.65295601E-03
       10700   1.64198875E-03
       10700   1.62005424E-03
       10700   1.62100792E-03
       10700   1.61790848E-03
       10700   1.61218643E-03
       10700   1.63602829E-03
       10700   1.62100792E-03
       10800   1.58381462E-03
       10800   1.60098076E-03
       10800   1.60789490E-03
       10800   1.60789490E-03
       10800   1.58882141E-03
       10800   1.58309937E-03
       10800   1.58691406E-03
       10800   1.58286095E-03
       10800   1.65414810E-03
       10800   1.59406662E-03
       10900   1.60193443E-03
       10900   1.59096718E-03
       10900   1.60789490E-03
       10900   1.58905983E-03
       10900   1.63006783E-03
       10900   1.60598755E-03
       10900   1.60002708E-03
       10900   1.61910057E-03
       10900   1.60717964E-03
       10900   1.57976151E-03
       11000   1.64604187E-03
       11000   1.62792206E-03
       11000   1.67107582E-03
       11000   1.62100792E-03
       11000   1.61004066E-03
       11000   1.62410736E-03
       11000   1.64818764E-03
       11000   1.63006783E-03
       11000   1.62982941E-03
       11000   1.65796280E-03
       11100   1.63006783E-03
       11100   1.62410736E-03
       11100   1.63698196E-03
       11100   1.63793564E-03
       11100   1.65009499E-03
       11100   1.64389610E-03
       11100   1.63292885E-03
       11100   1.66296959E-03
       11100   1.64914131E-03
       11100   1.63507462E-03
       11200   1.79481506E-03
       11200   1.73902512E-03
       11200   1.76715851E-03
       11200   1.72591209E-03
       11200   1.73306465E-03
       11200   1.73091888E-03
       11200   1.72305107E-03
       11200   1.76095963E-03
       11200   1.74617767E-03
       11200   1.73902512E-03
       11300   1.69110298E-03
       11300   1.70898438E-03
       11300   1.69420242E-03
       11300   1.70111656E-03
       11300   1.71303749E-03
       11300   1.76095963E-03
       11300   1.71399117E-03
       11300   1.69086456E-03
       11300   1.68704987E-03
       11300   1.66606903E-03
       11400   1.73616409E-03
       11400   1.72805786E-03
       11400   1.71685219E-03
       11400   1.73211098E-03
       11400   1.71303749E-03
       11400   1.72519684E-03
       11400   1.71613693E-03
       11400   1.69610977E-03
       11400   1.76000595E-03
       11400   1.70421600E-03
       11500   1.71208382E-03
       11500   1.74498558E-03
       11500   1.70779228E-03
       11500   1.71613693E-03
       11500   1.72209740E-03
       11500   1.71804428E-03
       11500   1.72996521E-03
       11500   1.73997879E-03
       11500   1.75094604E-03
       11500   1.74617767E-03
       11600   1.77693367E-03
       11600   1.80411339E-03
       11600   1.76882744E-03
       11600   1.75094604E-03
       11600   1.77001953E-03
       11600   1.78313255E-03
       11600   1.76000595E-03
       11600   1.77097321E-03
       11600   1.76477432E-03
       11600   1.74784660E-03
       11700   1.79910660E-03
       11700   1.78003311E-03
       11700   1.76906586E-03
       11700   1.78599358E-03
       11700   1.76596642E-03
       11700   1.79100037E-03
       11700   1.76501274E-03
       11700   1.79600716E-03
       11700   1.77216530E-03
       11700   1.76286697E-03
       11800   1.89900398E-03
       11800   1.83510780E-03
       11800   1.86491013E-03
       11800   1.85060501E-03
       11800   1.85775757E-03
       11800   1.83916092E-03
       11800   1.88016891E-03
       11800   1.82914734E-03
       11800   1.88112259E-03
       11800   1.85155869E-03
       11900   1.86777115E-03
       11900   1.89018250E-03
       11900   1.85918808E-03
       11900   1.86300278E-03
       11900   1.85012817E-03
       11900   1.86014175E-03
       11900   1.85489655E-03
       11900   1.88302994E-03
       11900   1.90496445E-03
       11900   1.87063217E-03
       12000   1.90544128E-03
       12000   1.91307068E-03
       12000   1.89256668E-03
       12000   1.92785263E-03
       12000   1.90496445E-03
       12000   1.95884705E-03
       12000   1.89304352E-03
       12000   1.92546844E-03
       12000   1.90687180E-03
       12000   1.90210342E-03
       12100   1.89733505E-03
       12100   1.92356110E-03
       12100   1.91926956E-03
       12100   1.92117691E-03
       12100   1.90925598E-03
       12100   1.88398361E-03
       12100   1.95503235E-03
       12100   1.91020966E-03
       12100   1.90305710E-03
       12100   1.89590454E-03
       12200   1.93786621E-03
       12200   2.01892853E-03
       12200   1.97839737E-03
       12200   1.91831589E-03
       12200   1.94740295E-03
       12200   1.96790695E-03
       12200   1.98173523E-03
       12200   1.98364258E-03
       12200   1.96695328E-03
       12200   1.94692612E-03
       12300   2.03800201E-03
       12300   2.02512741E-03
       12300   2.05183029E-03
       12300   2.04706192E-03
       12300   2.04324722E-03
       12300   2.08902359E-03
       12300   2.06089020E-03
       12300   2.01797485E-03
       12300   2.03418732E-03
       12300   2.05612183E-03
       12400   1.96790695E-03
       12400   2.00557709E-03
       12400   1.97601318E-03
       12400   1.97792053E-03
       12400   1.96790695E-03
       12400   1.98888779E-03
       12400   2.00986862E-03
       12400   1.98888779E-03
       12400   1.98984146E-03
       12400   2.00510025E-03
       12500   1.99699402E-03
       12500   1.97219849E-03
       12500   2.04515457E-03
       12500   1.99794769E-03
       12500   1.99127197E-03
       12500   1.98268890E-03
       12500   1.99270248E-03
       12500   1.98364258E-03
       12500   1.99460983E-03
       12500   1.99174881E-03
       12600   1.99031830E-03
       12600   1.98173523E-03
       12600   1.99222565E-03
       12600   2.03275681E-03
       12600   1.96695328E-03
       12600   2.02703476E-03
       12600   2.02798843E-03
       12600   1.99222565E-03
       12600   2.00223923E-03
       12600   2.04277039E-03
       12700   2.01368332E-03
       12700   2.04086304E-03
       12700   2.03418732E-03
       12700   2.00700760E-03
       12700   2.01797485E-03
       12700   2.01225281E-03
       12700   2.02894211E-03
       12700   2.06232071E-03
       12700   2.01988220E-03
       12700   2.03227997E-03
       12800   2.14004517E-03
       12800   2.14862823E-03
       12800   2.16817856E-03
       12800   2.19249725E-03
       12800   2.16579437E-03
       12800   2.21300125E-03
       12800   2.16388702E-03
       12800   2.14004517E-03
       12800   2.12621689E-03
       12800   2.22015381E-03
       12900   2.04610825E-03
       12900   2.02035904E-03
       12900   2.00986862E-03
       12900   2.03990936E-03
       12900   2.01225281E-03
       12900   2.04086304E-03
       12900   2.01511383E-03
       12900   2.02941895E-03
       12900   2.04420090E-03
       12900   2.01606750E-03
       13000   2.03800201E-03
       13000   2.06995010E-03
       13000   2.04801559E-03
       13000   2.06804276E-03
       13000   2.05230713E-03
       13000   2.07376480E-03
       13000   2.04706192E-03
       13000   2.06613541E-03
       13000   2.03275681E-03
       13000   2.02512741E-03
       13100   2.07710266E-03
       13100   2.04610825E-03
       13100   2.10475922E-03
       13100   2.05612183E-03
       13100   2.04896927E-03
       13100   2.04992294E-03
       13100   2.07328796E-03
       13100   2.03609467E-03
       13100   2.06613541E-03
       13100   2.05183029E-03
       13200   2.10475922E-03
       13200   2.08663940E-03
       13200   2.10666656E-03
       13200   2.15101242E-03
       13200   2.08997726E-03
       13200   2.13003159E-03
       13200   2.10809708E-03
       13200   2.12001801E-03
       13200   2.11715698E-03
       13200   2.10523605E-03
       13300   2.09712982E-03
       13300   2.10857391E-03
       13300   2.09426880E-03
       13300   2.09617615E-03
       13300   2.13479996E-03
       13300   2.11000443E-03
       13300   2.11477280E-03
       13300   2.11906433E-03
       13300   2.12287903E-03
       13300   2.15816498E-03
       13400   2.13193893E-03
       13400   2.13909149E-03
       13400   2.16293335E-03
       13400   2.16007233E-03
       13400   2.14195251E-03
       13400   2.15339661E-03
       13400   2.14290619E-03
       13400   2.12192535E-03
       13400   2.12764740E-03
       13400   2.13003159E-03
       13500   2.18105316E-03
       13500   2.17866898E-03
       13500   2.16865540E-03
       13500   2.16579437E-03
       13500   2.16484070E-03
       13500   2.21633911E-03
       13500   2.14719772E-03
       13500   2.14385986E-03
       13500   2.14290619E-03
       13500   2.16484070E-03
       13600   2.20394135E-03
       13600   2.19345093E-03
       13600   2.19964981E-03
       13600   2.22539902E-03
       13600   2.19058990E-03
       13600   2.21300125E-03
       13600   2.19392776E-03
       13600   2.21109390E-03
       13600   2.21920013E-03
       13600   2.19821930E-03
       13700   2.22301483E-03
       13700   2.18820572E-03
       13700   2.20394135E-03
       13700   2.19106674E-03
       13700   2.18820572E-03
       13700   2.21776962E-03
       13700   2.21395493E-03
       13700   2.19917297E-03
       13700   2.18915939E-03
       13700   2.19106674E-03
       13800   2.22301483E-03
       13800   2.30216980E-03
       13800   2.20012665E-03
       13800   2.20489502E-03
       13800   2.20823288E-03
       13800   2.23350525E-03
       13800   2.27117538E-03
       13800   2.21872330E-03
       13800   2.22396851E-03
       13800   2.21490860E-03
       13900   2.24304199E-03
       13900   2.24161148E-03
       13900   2.23684311E-03
       13900   2.25830078E-03
       13900   2.27451324E-03
       13900   2.26879120E-03
       13900   2.25591660E-03
       13900   2.25877762E-03
       13900   2.25114822E-03
       13900   2.22682953E-03
       14000   2.29787827E-03
       14000   2.29406357E-03
       14000   2.28881836E-03
       14000   2.31313705E-03
       14000   2.28691101E-03
       14000   2.28929520E-03
       14000   2.31218338E-03
       14000   2.30312347E-03
       14000   2.27737427E-03
       14000   2.27117538E-03
       14100   2.30884552E-03
       14100   2.31409073E-03
       14100   2.26020813E-03
       14100   2.31409073E-03
       14100   2.26926804E-03
       14100   2.28404999E-03
       14100   2.26593018E-03
       14100   2.27022171E-03
       14100   2.27451324E-03
       14100   2.26497650E-03
       14200   2.32696533E-03
       14200   2.28404999E-03
       14200   2.30836868E-03
       14200   2.29406357E-03
       14200   2.38895416E-03
       14200   2.27594376E-03
       14200   2.32315063E-03
       14200   2.29597092E-03
       14200   2.31599808E-03
       14200   2.33697891E-03
       14300   2.33888626E-03
       14300   2.33697891E-03
       14300   2.32982635E-03
       14300   2.31599808E-03
       14300   2.32410431E-03
       14300   2.33125687E-03
       14300   2.34699249E-03
       14300   2.32315063E-03
       14300   2.32362747E-03
       14300   2.32696533E-03
       14400   2.48098373E-03
       14400   2.43473053E-03
       14400   2.42376328E-03
       14400   2.42996216E-03
       14400   2.44522095E-03
       14400   2.48289108E-03
       14400   2.43997574E-03
       14400   2.41327286E-03
       14400   2.43997574E-03
       14400   2.44712830E-03
       14500   2.35986710E-03
       14500   2.38800049E-03
       14500   2.36463547E-03
       14500   2.38895416E-03
       14500   2.38800049E-03
       14500   2.38084793E-03
       14500   2.37607956E-03
       14500   2.37798691E-03
       14500   2.38800049E-03
       14500   2.35795975E-03
       14600   2.39610672E-03
       14600   2.39419937E-03
       14600   2.41470337E-03
       14600   2.38323212E-03
       14600   2.38895416E-03
       14600   2.41422653E-03
       14600   2.40516663E-03
       14600   2.41708755E-03
       14600   2.38561630E-03
       14600   2.37989426E-03
       14700   2.39944458E-03
       14700   2.44903564E-03
       14700   2.38227844E-03
       14700   2.39610672E-03
       14700   2.39658356E-03
       14700   2.39276886E-03
       14700   2.44903564E-03
       14700   2.39515305E-03
       14700   2.40993500E-03
       14700   2.38609314E-03
       14800   2.50530243E-03
       14800   2.51674652E-03
       14800   2.52485275E-03
       14800   2.48146057E-03
       14800   2.52532959E-03
       14800   2.51197815E-03
       14800   2.49433517E-03
       14800   2.48765945E-03
       14800   2.53534317E-03
       14800   2.48098373E-03
       14900   2.49004364E-03
       14900   2.50291824E-03
       14900   2.49719620E-03
       14900   2.49719620E-03
       14900   2.49767303E-03
       14900   2.47573853E-03
       14900   2.51913071E-03
       14900   2.51579285E-03
       14900   2.50816345E-03
       14900   2.50625610E-03
       15000   2.54726410E-03
       15000   2.59208679E-03
       15000   2.52962112E-03
       15000   2.50816345E-03
       15000   2.56299973E-03
       15000   2.51722336E-03
       15000   2.56109238E-03
       15000   2.53582001E-03
       15000   2.53295898E-03
       15000   2.51913071E-03
       15100   2.50720978E-03
       15100   2.53105164E-03
       15100   2.45761871E-03
       15100   2.51770020E-03
       15100   2.49671936E-03
       15100   2.49290466E-03
       15100   2.52199173E-03
       15100   2.46667862E-03
       15100   2.51913071E-03
       15100   2.46715546E-03
       15200   2.58588791E-03
       15200   2.56013870E-03
       15200   2.58207321E-03
       15200   2.57587433E-03
       15200   2.56490707E-03
       15200   2.60734558E-03
       15200   2.54917145E-03
       15200   2.56109238E-03
       15200   2.58493423E-03
       15200   2.55393982E-03
       15300   2.55632401E-03
       15300   2.61306763E-03
       15300   2.52771378E-03
       15300   2.55107880E-03
       15300   2.59304047E-03
       15300   2.55012512E-03
       15300   2.53200531E-03
       15300   2.56204605E-03
       15300   2.54583359E-03
       15300   2.53009796E-03
       15400   2.63404846E-03
       15400   2.59304047E-03
       15400   2.58731842E-03
       15400   2.65598297E-03
       15400   2.58827209E-03
       15400   2.57205963E-03
       15400   2.58970261E-03
       15400   2.58493423E-03
       15400   2.57301331E-03
       15400   2.59971619E-03
       15500   2.58922577E-03
       15500   2.61402130E-03
       15500   2.57921219E-03
       15500   2.57921219E-03
       15500   2.57873535E-03
       15500   2.56156921E-03
       15500   2.60305405E-03
       15500   2.57587433E-03
       15500   2.58731842E-03
       15500   2.57921219E-03
       15600   2.62880325E-03
       15600   2.61688232E-03
       15600   2.67887115E-03
       15600   2.61783600E-03
       15600   2.59017944E-03
       15600   2.63977051E-03
       15600   2.64406204E-03
       15600   2.65979767E-03
       15600   2.64024734E-03
       15600   2.65693665E-03
       15700   2.66885757E-03
       15700   2.63309479E-03
       15700   2.65312195E-03
       15700   2.66218185E-03
       15700   2.68030167E-03
       15700   2.66551971E-03
       15700   2.70318985E-03
       15700   2.66599655E-03
       15700   2.66599655E-03
       15700   2.66695023E-03
       15800   2.65884399E-03
       15800   2.67314911E-03
       15800   2.69365311E-03
       15800   2.69031525E-03
       15800   2.68888474E-03
       15800   2.72321701E-03
       15800   2.67696381E-03
       15800   2.66885757E-03
       15800   2.65073776E-03
       15800   2.69412994E-03
       15900   2.71797180E-03
       15900   2.70843506E-03
       15900   2.70605087E-03
       15900   2.68030167E-03
       15900   2.67601013E-03
       15900   2.65884399E-03
       15900   2.68840790E-03
       15900   2.67791748E-03
       15900   2.69603729E-03
       15900   2.67267227E-03
       16000   2.80761719E-03
       16000   2.82382965E-03
       16000   2.82239914E-03
       16000   2.83098221E-03
       16000   2.81667709E-03
       16000   2.81715393E-03
       16000   2.83622742E-03
       16000   2.83765793E-03
       16000   2.82907486E-03
       16000   2.78615952E-03
       16100   2.73895264E-03
       16100   2.73513794E-03
       16100   2.76803970E-03
       16100   2.74562836E-03
       16100   2.75182724E-03
       16100   2.74085999E-03
       16100   2.72893906E-03
       16100   2.72893906E-03
       16100   2.72226334E-03
       16100   2.74467468E-03
       16200   2.74610519E-03
       16200   2.84910202E-03
       16200   2.80380249E-03
       16200   2.75707245E-03
       16200   2.77996063E-03
       16200   2.74085999E-03
       16200   2.76708603E-03
       16200   2.76517868E-03
       16200   2.75993347E-03
       16200   2.76613235E-03
       16300   2.84433365E-03
       16300   2.76184082E-03
       16300   2.80809402E-03
       16300   2.77996063E-03
       16300   2.80761719E-03
       16300   2.80475616E-03
       16300   2.78091431E-03
       16300   2.75993347E-03
       16300   2.80523300E-03
       16300   2.77996063E-03
       16400   2.86865234E-03
       16400   2.85720825E-03
       16400   2.86674500E-03
       16400   2.90203094E-03
       16400   2.86483765E-03
       16400   2.86197662E-03
       16400   2.84814835E-03
       16400   2.87961960E-03
       16400   2.87294388E-03
       16400   2.86102295E-03
       16500   2.86626816E-03
       16500   2.86197662E-03
       16500   2.81190872E-03
       16500   2.81333923E-03
       16500   2.83908844E-03
       16500   2.83384323E-03
       16500   2.86531448E-03
       16500   2.82716751E-03
       16500   2.82764435E-03
       16500   2.84099579E-03
       16600   2.85625458E-03
       16600   2.86197662E-03
       16600   2.85482407E-03
       16600   2.83193588E-03
       16600   2.86102295E-03
       16600   2.87008286E-03
       16600   2.87389755E-03
       16600   2.84385681E-03
       16600   2.86436081E-03
       16600   2.86579132E-03
       16700   2.87675858E-03
       16700   2.84719467E-03
       16700   2.84910202E-03
       16700   2.90298462E-03
       16700   2.85482407E-03
       16700   2.86388397E-03
       16700   2.86102295E-03
       16700   2.86197662E-03
       16700   2.87246704E-03
       16700   2.87342072E-03
       16800   2.91538239E-03
       16800   2.91442871E-03
       16800   2.93254852E-03
       16800   2.90489197E-03
       16800   2.89249420E-03
       16800   2.91252136E-03
       16800   2.97737122E-03
       16800   2.89726257E-03
       16800   2.92110443E-03
       16800   2.92110443E-03
       16900   2.89249420E-03
       16900   2.89535522E-03
       16900   2.89440155E-03
       16900   2.90203094E-03
       16900   2.91633606E-03
       16900   2.92968750E-03
       16900   2.90966034E-03
       16900   2.90203094E-03
       16900   2.92396545E-03
       16900   2.84290314E-03
       17000   2.92015076E-03
       17000   2.92110443E-03
       17000   2.93064117E-03
       17000   2.92682648E-03
       17000   2.97451019E-03
       17000   2.91442871E-03
       17000   2.90679932E-03
       17000   2.89440155E-03
       17000   2.91538239E-03
       17000   2.94017792E-03
       17100   2.93254852E-03
       17100   2.88391113E-03
       17100   2.87914276E-03
       17100   2.93350220E-03
       17100   2.84957886E-03
       17100   2.88009644E-03
       17100   2.87437439E-03
       17100   2.89535522E-03
       17100   2.85530090E-03
       17100   2.87723541E-03
       17200   2.94589996E-03
       17200   2.94399261E-03
       17200   2.97641754E-03
       17200   2.94494629E-03
       17200   2.93064117E-03
       17200   2.93064117E-03
       17200   2.99358368E-03
       17200   2.94399261E-03
       17200   2.96783447E-03
       17200   2.94303894E-03
       17300   3.02505493E-03
       17300   2.94303894E-03
       17300   2.94303894E-03
       17300   2.94589996E-03
       17300   2.94780731E-03
       17300   2.94685364E-03
       17300   2.93350220E-03
       17300   2.94017792E-03
       17300   2.94589996E-03
       17300   2.94017792E-03
       17400   2.98595428E-03
       17400   2.99167633E-03
       17400   2.95639038E-03
       17400   2.97260284E-03
       17400   2.94303894E-03
       17400   2.96878815E-03
       17400   2.99358368E-03
       17400   2.98023224E-03
       17400   2.95734406E-03
       17400   2.96783447E-03
       17500   3.04317474E-03
       17500   3.00693512E-03
       17500   3.03649902E-03
       17500   3.01170349E-03
       17500   3.04603577E-03
       17500   3.02982330E-03
       17500   3.03173065E-03
       17500   3.06415558E-03
       17500   3.01742554E-03
       17500   3.03649902E-03
       17600   3.15570831E-03
       17600   3.12423706E-03
       17600   3.11088562E-03
       17600   3.13568115E-03
       17600   3.14617157E-03
       17600   3.14044952E-03
       17600   3.16238403E-03
       17600   3.14235687E-03
       17600   3.10516357E-03
       17600   3.14235687E-03
       17700   3.09371948E-03
       17700   3.09371948E-03
       17700   3.06701660E-03
       17700   3.08704376E-03
       17700   3.06606293E-03
       17700   3.04985046E-03
       17700   3.06987762E-03
       17700   3.06320190E-03
       17700   3.05747986E-03
       17700   3.07464600E-03
       17800   3.15856934E-03
       17800   3.17573547E-03
       17800   3.17573547E-03
       17800   3.17478180E-03
       17800   3.14903259E-03
       17800   3.15380096E-03
       17800   3.15570831E-03
       17800   3.14807892E-03
       17800   3.15856934E-03
       17800   3.12137604E-03
       17900   3.17668915E-03
       17900   3.13472748E-03
       17900   3.15093994E-03
       17900   3.15666199E-03
       17900   3.15284729E-03
       17900   3.12519073E-03
       17900   3.13472748E-03
       17900   3.12709808E-03
       17900   3.14331055E-03
       17900   3.15475464E-03
       18000   3.18622589E-03
       18000   3.19290161E-03
       18000   3.23009491E-03
       18000   3.15856934E-03
       18000   3.17192078E-03
       18000   3.18431854E-03
       18000   3.21865082E-03
       18000   3.17478180E-03
       18000   3.14807892E-03
       18000   3.16333771E-03
       18100   3.24821472E-03
       18100   3.21388245E-03
       18100   3.18050385E-03
       18100   3.16524506E-03
       18100   3.23486328E-03
       18100   3.16429138E-03
       18100   3.18717957E-03
       18100   3.19766998E-03
       18100   3.20053101E-03
       18100   3.16524506E-03
       18200   3.22341919E-03
       18200   3.21674347E-03
       18200   3.25870514E-03
       18200   3.23104858E-03
       18200   3.20816040E-03
       18200   3.26442719E-03
       18200   3.24249268E-03
       18200   3.23486328E-03
       18200   3.22341919E-03
       18200   3.23390961E-03
       18300   3.25489044E-03
       18300   3.22341919E-03
       18300   3.21292877E-03
       18300   3.23581696E-03
       18300   3.20529938E-03
       18300   3.22437286E-03
       18300   3.21865082E-03
       18300   3.27301025E-03
       18300   3.23009491E-03
       18300   3.21006775E-03
       18400   3.32355499E-03
       18400   3.40461731E-03
       18400   3.32164764E-03
       18400   3.33023071E-03
       18400   3.33690643E-03
       18400   3.35693359E-03
       18400   3.30829620E-03
       18400   3.32069397E-03
       18400   3.34072113E-03
       18400   3.34072113E-03
       18500   3.27777863E-03
       18500   3.27301025E-03
       18500   3.27014923E-03
       18500   3.33404541E-03
       18500   3.27301025E-03
       18500   3.28350067E-03
       18500   3.28922272E-03
       18500   3.34072113E-03
       18500   3.29589844E-03
       18500   3.27205658E-03
       18600   3.30352783E-03
       18600   3.34072113E-03
       18600   3.31020355E-03
       18600   3.30162048E-03
       18600   3.27682495E-03
       18600   3.36742401E-03
       18600   3.28254700E-03
       18600   3.28540802E-03
       18600   3.26824188E-03
       18600   3.37219238E-03
       18700   3.32260132E-03
       18700   3.31115723E-03
       18700   3.31020355E-03
       18700   3.38268280E-03
       18700   3.36742401E-03
       18700   3.31020355E-03
       18700   3.32736969E-03
       18700   3.35407257E-03
       18700   3.31401825E-03
       18700   3.31497192E-03
       18800   3.33786011E-03
       18800   3.44467163E-03
       18800   3.36456299E-03
       18800   3.35121155E-03
       18800   3.37696075E-03
       18800   3.41892242E-03
       18800   3.36265564E-03
       18800   3.34644318E-03
       18800   3.37600708E-03
       18800   3.34930420E-03
       18900   3.39603424E-03
       18900   3.35216522E-03
       18900   3.37219238E-03
       18900   3.35597992E-03
       18900   3.38745117E-03
       18900   3.35884094E-03
       18900   3.35502625E-03
       18900   3.37123871E-03
       18900   3.36170197E-03
       18900   3.35025787E-03
       19000   3.43132019E-03
       19000   3.33976746E-03
       19000   3.34739685E-03
       19000   3.35025787E-03
       19000   3.30543518E-03
       19000   3.37791443E-03
       19000   3.35693359E-03
       19000   3.38363647E-03
       19000   3.32355499E-03
       19000   3.38649750E-03
       19100   3.35884094E-03
       19100   3.35216522E-03
       19100   3.42273712E-03
       19100   3.37409973E-03
       19100   3.38459015E-03
       19100   3.32641602E-03
       19100   3.43322754E-03
       19100   3.37505341E-03
       19100   3.34072113E-03
       19100   3.34453583E-03
       19200   3.52478027E-03
       19200   3.54766846E-03
       19200   3.55815887E-03
       19200   3.55148315E-03
       19200   3.54480743E-03
       19200   3.52573395E-03
       19200   3.54671478E-03
       19200   3.55052948E-03
       19200   3.55815887E-03
       19200   3.52287292E-03
       19300   3.44276428E-03
       19300   3.39031219E-03
       19300   3.39603424E-03
       19300   3.38077545E-03
       19300   3.40843201E-03
       19300   3.38459015E-03
       19300   3.39031219E-03
       19300   3.40747833E-03
       19300   3.37696075E-03
       19300   3.39412689E-03
       19400   3.49903107E-03
       19400   3.49044800E-03
       19400   3.41129303E-03
       19400   3.41606140E-03
       19400   3.41701508E-03
       19400   3.39603424E-03
       19400   3.39508057E-03
       19400   3.43418121E-03
       19400   3.48854065E-03
       19400   3.44753265E-03
       19500   3.50666046E-03
       19500   3.50570679E-03
       19500   3.48854065E-03
       19500   3.47614288E-03
       19500   3.49998474E-03
       19500   3.56769562E-03
       19500   3.51524353E-03
       19500   3.51047516E-03
       19500   3.52573395E-03
       19500   3.51715088E-03
       19600   3.57913971E-03
       19600   3.48663330E-03
       19600   3.60107422E-03
       19600   3.53717804E-03
       19600   3.46851349E-03
       19600   3.47232819E-03
       19600   3.46851349E-03
       19600   3.48854065E-03
       19600   3.47995758E-03
       19600   3.51905823E-03
       19700   3.53240967E-03
       19700   3.52859497E-03
       19700   3.51619720E-03
       19700   3.48663330E-03
       19700   3.50189209E-03
       19700   3.51715088E-03
       19700   3.52001190E-03
       19700   3.49807739E-03
       19700   3.52764130E-03
       19700   3.51428986E-03
       19800   3.63826752E-03
       19800   3.57055664E-03
       19800   3.53717804E-03
       19800   3.63540649E-03
       19800   3.57532501E-03
       19800   3.58200073E-03
       19800   3.58295441E-03
       19800   3.55911255E-03
       19800   3.57532501E-03
       19800   3.55148315E-03
       19900   3.66210938E-03
       19900   3.60965729E-03
       19900   3.63636017E-03
       19900   3.62586975E-03
       19900   3.64398956E-03
       19900   3.60679626E-03
       19900   3.58963013E-03
       19900   3.63445282E-03
       19900   3.61156464E-03
       19900   3.66592407E-03
       20000   3.63826752E-03
       20000   3.61156464E-03
       20000   3.61347198E-03
       20000   3.63063812E-03
       20000   3.60774994E-03
       20000   3.61347198E-03
       20000   3.65066528E-03
       20000   3.63636017E-03
       20000   3.67259979E-03
       20000   3.63159180E-03
