         100   2.36999942E-04
         100   5.69999684E-05
         100   5.50001860E-05
         100   5.39999455E-05
         100   5.20001631E-05
         100   5.39999455E-05
         100   5.19999303E-05
         100   5.20003960E-05
         100   5.30001707E-05
         100   5.40004112E-05
         200   2.90000346E-04
         200   2.89000105E-04
         200   1.98999885E-04
         200   1.20999757E-04
         200   1.19999982E-04
         200   1.19999982E-04
         200   1.20000448E-04
         200   1.18999742E-04
         200   1.19000208E-04
         200   1.19999982E-04
         300   1.96999870E-04
         300   1.77999958E-04
         300   1.75999943E-04
         300   1.76000409E-04
         300   1.74999703E-04
         300   1.74999703E-04
         300   1.75000168E-04
         300   1.76000409E-04
         300   1.73999928E-04
         300   1.75000168E-04
         400   2.61999667E-04
         400   2.31999904E-04
         400   2.29000114E-04
         400   2.25000083E-04
         400   2.25999393E-04
         400   2.25000083E-04
         400   2.29000114E-04
         400   2.24999152E-04
         400   2.25000083E-04
         400   2.27000564E-04
         500   2.97000632E-04
         500   2.84999609E-04
         500   2.81999819E-04
         500   2.96000391E-04
         500   2.93999910E-04
         500   2.72999518E-04
         500   2.72999518E-04
         500   2.71999277E-04
         500   2.71999277E-04
         500   2.73000449E-04
         600   3.41000035E-04
         600   3.28000635E-04
         600   3.27998772E-04
         600   3.23999673E-04
         600   3.30999494E-04
         600   3.27000394E-04
         600   3.06000933E-04
         600   3.04000452E-04
         600   3.21000814E-04
         600   3.06999311E-04
         700   3.78999859E-04
         700   3.61999497E-04
         700   3.57998535E-04
         700   3.57000157E-04
         700   3.82000580E-04
         700   3.51998955E-04
         700   3.49000096E-04
         700   3.44999135E-04
         700   3.44000757E-04
         700   3.45999375E-04
         800   4.27000225E-04
         800   3.99000943E-04
         800   3.97998840E-04
         800   4.21000645E-04
         800   4.02001664E-04
         800   3.84999439E-04
         800   3.88000160E-04
         800   3.85999680E-04
         800   3.77001241E-04
         800   3.85999680E-04
         900   4.48999926E-04
         900   4.58000228E-04
         900   4.43000346E-04
         900   4.24001366E-04
         900   4.22000885E-04
         900   4.21000645E-04
         900   4.18001786E-04
         900   4.21002507E-04
         900   4.18998301E-04
         900   4.29000705E-04
        1000   4.91000712E-04
        1000   4.58996743E-04
        1000   4.59000468E-04
        1000   4.52999026E-04
        1000   4.56001610E-04
        1000   4.58002090E-04
        1000   4.55003232E-04
        1000   4.63001430E-04
        1000   4.60002571E-04
        1000   4.54001129E-04
        1100   5.32001257E-04
        1100   5.05998731E-04
        1100   4.97002155E-04
        1100   4.98000532E-04
        1100   5.02001494E-04
        1100   4.98000532E-04
        1100   4.92997468E-04
        1100   4.91000712E-04
        1100   4.93001193E-04
        1100   4.92997468E-04
        1200   5.62999398E-04
        1200   5.71999699E-04
        1200   5.44998795E-04
        1200   5.42998314E-04
        1200   5.41999936E-04
        1200   5.41999936E-04
        1200   5.39001077E-04
        1200   5.46999276E-04
        1200   5.41001558E-04
        1200   5.37998974E-04
        1300   6.06000423E-04
        1300   5.89001924E-04
        1300   5.85999340E-04
        1300   5.99000603E-04
        1300   5.91002405E-04
        1300   5.90000302E-04
        1300   5.87999821E-04
        1300   5.85999340E-04
        1300   5.87001443E-04
        1300   6.02997839E-04
        1400   6.61000609E-04
        1400   6.56999648E-04
        1400   6.41997904E-04
        1400   6.40001148E-04
        1400   6.65999949E-04
        1400   6.52998686E-04
        1400   6.41997904E-04
        1400   6.47999346E-04
        1400   6.43998384E-04
        1400   6.41994178E-04
        1500   7.11999834E-04
        1500   6.84000552E-04
        1500   6.88001513E-04
        1500   6.88001513E-04
        1500   7.00004399E-04
        1500   6.94997609E-04
        1500   6.84998930E-04
        1500   6.79001212E-04
        1500   6.79999590E-04
        1500   6.76997006E-04
        1600   7.62999058E-04
        1600   7.46004283E-04
        1600   7.42994249E-04
        1600   7.40997493E-04
        1600   7.57001340E-04
        1600   7.46995211E-04
        1600   7.59996474E-04
        1600   7.43001699E-04
        1600   7.39000738E-04
        1600   7.48001039E-04
        1700   7.82996416E-04
        1700   7.73005188E-04
        1700   7.71999359E-04
        1700   7.72006810E-04
        1700   7.72997737E-04
        1700   7.71000981E-04
        1700   7.80001283E-04
        1700   7.62999058E-04
        1700   7.67000020E-04
        1700   7.71000981E-04
        1800   8.35001469E-04
        1800   8.26001167E-04
        1800   8.32997262E-04
        1800   8.22998583E-04
        1800   8.19995999E-04
        1800   8.18997622E-04
        1800   8.20003450E-04
        1800   8.30002129E-04
        1800   8.18997622E-04
        1800   8.19995999E-04
        1900   8.76002014E-04
        1900   8.67001712E-04
        1900   8.63999128E-04
        1900   8.61994922E-04
        1900   8.62002373E-04
        1900   8.71002674E-04
        1900   8.57003033E-04
        1900   8.63000751E-04
        1900   8.59998167E-04
        1900   8.65995884E-04
        2000   9.32000577E-04
        2000   9.11004841E-04
        2000   9.14998353E-04
        2000   9.16995108E-04
        2000   9.13001597E-04
        2000   9.09000635E-04
        2000   9.09000635E-04
        2000   9.15005803E-04
        2000   9.09999013E-04
        2000   9.09000635E-04
        2100   9.78998840E-04
        2100   9.63993371E-04
        2100   9.62004066E-04
        2100   9.58003104E-04
        2100   9.77009535E-04
        2100   9.60007310E-04
        2100   9.58994031E-04
        2100   9.61005688E-04
        2100   9.64000821E-04
        2100   9.58994031E-04
        2200   1.01900101E-03
        2200   1.01099908E-03
        2200   1.00798905E-03
        2200   1.00100040E-03
        2200   1.00600719E-03
        2200   1.01000071E-03
        2200   1.00600719E-03
        2200   1.00600719E-03
        2200   1.01900101E-03
        2200   1.00399554E-03
        2300   1.06799603E-03
        2300   1.06300414E-03
        2300   1.06899440E-03
        2300   1.06000900E-03
        2300   1.05498731E-03
        2300   1.06701255E-03
        2300   1.06099248E-03
        2300   1.06200576E-03
        2300   1.06500089E-03
        2300   1.06099248E-03
        2400   1.12099946E-03
        2400   1.11000240E-03
        2400   1.10401213E-03
        2400   1.10299885E-03
        2400   1.10399723E-03
        2400   1.10399723E-03
        2400   1.10399723E-03
        2400   1.10499561E-03
        2400   1.10900402E-03
        2400   1.10200047E-03
        2500   1.16200745E-03
        2500   1.15799904E-03
        2500   1.14700198E-03
        2500   1.15099549E-03
        2500   1.14999712E-03
        2500   1.14400685E-03
        2500   1.14600360E-03
        2500   1.15600228E-03
        2500   1.14600360E-03
        2500   1.14800036E-03
        2600   1.21200085E-03
        2600   1.19899213E-03
        2600   1.19499862E-03
        2600   1.20098889E-03
        2600   1.18900836E-03
        2600   1.19900703E-03
        2600   1.20998919E-03
        2600   1.20000541E-03
        2600   1.18999183E-03
        2600   1.19799376E-03
        2700   1.26101077E-03
        2700   1.24999881E-03
        2700   1.25299394E-03
        2700   1.24299526E-03
        2700   1.25300884E-03
        2700   1.24500692E-03
        2700   1.24500692E-03
        2700   1.26299262E-03
        2700   1.25199556E-03
        2700   1.24201179E-03
        2800   1.30599737E-03
        2800   1.29799545E-03
        2800   1.29200518E-03
        2800   1.29799545E-03
        2800   1.29699707E-03
        2800   1.28999352E-03
        2800   1.28799677E-03
        2800   1.29100680E-03
        2800   1.30099058E-03
        2800   1.28699839E-03
        2900   1.35999918E-03
        2900   1.35599077E-03
        2900   1.34900212E-03
        2900   1.34900212E-03
        2900   1.34800375E-03
        2900   1.34699047E-03
        2900   1.34299695E-03
        2900   1.34699047E-03
        2900   1.34000182E-03
        2900   1.35500729E-03
        3000   1.40498579E-03
        3000   1.40000880E-03
        3000   1.39500201E-03
        3000   1.38600171E-03
        3000   1.39699876E-03
        3000   1.39300525E-03
        3000   1.38999522E-03
        3000   1.38701499E-03
        3000   1.38801336E-03
        3000   1.39799714E-03
        3100   1.46800280E-03
        3100   1.45700574E-03
        3100   1.44299865E-03
        3100   1.43998861E-03
        3100   1.44702196E-03
        3100   1.44100189E-03
        3100   1.44401193E-03
        3100   1.44398212E-03
        3100   1.44299865E-03
        3100   1.45199895E-03
        3200   1.54501200E-03
        3200   1.54000521E-03
        3200   1.52799487E-03
        3200   1.53100491E-03
        3200   1.52799487E-03
        3200   1.52799487E-03
        3200   1.43200159E-03
        3200   1.39299035E-03
        3200   1.43498182E-03
        3200   1.41200423E-03
        3300   1.40899420E-03
        3300   1.40601397E-03
        3300   1.41498446E-03
        3300   1.40398741E-03
        3300   1.39698386E-03
        3300   1.39200687E-03
        3300   1.39600039E-03
        3300   1.39600039E-03
        3300   1.43298507E-03
        3300   1.38500333E-03
        3400   1.45101547E-03
        3400   1.48099661E-03
        3400   1.46198273E-03
        3400   1.46701932E-03
        3400   1.47199631E-03
        3400   1.42699480E-03
        3400   1.45500898E-03
        3400   1.42598152E-03
        3400   1.44898891E-03
        3400   1.42702460E-03
        3500   1.48698688E-03
        3500   1.48600340E-03
        3500   1.46898627E-03
        3500   1.46800280E-03
        3500   1.46600604E-03
        3500   1.47199631E-03
        3500   1.46397948E-03
        3500   1.46400928E-03
        3500   1.48499012E-03
        3500   1.46600604E-03
        3600   1.52799487E-03
        3600   1.51798129E-03
        3600   1.52000785E-03
        3600   1.52701139E-03
        3600   1.51798129E-03
        3600   1.52599812E-03
        3600   1.51199102E-03
        3600   1.53100491E-03
        3600   1.53300166E-03
        3600   1.54799223E-03
        3700   1.57001615E-03
        3700   1.55299902E-03
        3700   1.55201554E-03
        3700   1.56500936E-03
        3700   1.55901909E-03
        3700   1.55499578E-03
        3700   1.55100226E-03
        3700   1.55100226E-03
        3700   1.55401230E-03
        3700   1.56399608E-03
        3800   1.61099434E-03
        3800   1.62300467E-03
        3800   1.59400702E-03
        3800   1.60902739E-03
        3800   1.60300732E-03
        3800   1.59400702E-03
        3800   1.60297751E-03
        3800   1.60202384E-03
        3800   1.60402060E-03
        3800   1.65298581E-03
        3900   1.69000030E-03
        3900   1.65000558E-03
        3900   1.68499351E-03
        3900   1.65200233E-03
        3900   1.65700912E-03
        3900   1.63999200E-03
        3900   1.65399909E-03
        3900   1.65301561E-03
        3900   1.64702535E-03
        3900   1.64601207E-03
        4000   1.70800090E-03
        4000   1.69900060E-03
        4000   1.69399381E-03
        4000   1.69900060E-03
        4000   1.68499351E-03
        4000   1.69098377E-03
        4000   1.69000030E-03
        4000   1.69602036E-03
        4000   1.69301033E-03
        4000   1.69500709E-03
        4100   1.78200006E-03
        4100   1.78700686E-03
        4100   1.78101659E-03
        4100   1.80000067E-03
        4100   1.80199742E-03
        4100   1.77699327E-03
        4100   1.77600980E-03
        4100   1.78501010E-03
        4100   1.77401304E-03
        4100   1.78802013E-03
        4200   1.79800391E-03
        4200   1.77598000E-03
        4200   1.76700950E-03
        4200   1.78501010E-03
        4200   1.78000331E-03
        4200   1.77499652E-03
        4200   1.77499652E-03
        4200   1.78399682E-03
        4200   1.76897645E-03
        4200   1.76998973E-03
        4300   1.82998180E-03
        4300   1.82700157E-03
        4300   1.81400776E-03
        4300   1.82598829E-03
        4300   1.84601545E-03
        4300   1.84601545E-03
        4300   1.82598829E-03
        4300   1.82899833E-03
        4300   1.82101130E-03
        4300   1.82998180E-03
        4400   1.86899304E-03
        4400   1.87200308E-03
        4400   1.86100602E-03
        4400   1.86601281E-03
        4400   1.86601281E-03
        4400   1.86499953E-03
        4400   1.85102224E-03
        4400   1.86300278E-03
        4400   1.85596943E-03
        4400   1.86300278E-03
        4500   1.95300579E-03
        4500   1.94704533E-03
        4500   1.91897154E-03
        4500   1.91402435E-03
        4500   1.96498632E-03
        4500   1.92600489E-03
        4500   1.91396475E-03
        4500   1.91897154E-03
        4500   1.92803144E-03
        4500   1.90901756E-03
        4600   1.98698044E-03
        4600   1.95801258E-03
        4600   1.95598602E-03
        4600   1.96403265E-03
        4600   1.96105242E-03
        4600   1.96999311E-03
        4600   1.96194649E-03
        4600   1.96099281E-03
        4600   1.95896626E-03
        4600   1.95801258E-03
        4700   2.01296806E-03
        4700   2.00200081E-03
        4700   2.00003386E-03
        4700   2.04402208E-03
        4700   2.00402737E-03
        4700   1.99705362E-03
        4700   2.00402737E-03
        4700   1.99800730E-03
        4700   1.99502707E-03
        4700   1.98996067E-03
        4800   2.06804276E-03
        4800   2.05200911E-03
        4800   2.05898285E-03
        4800   2.05397606E-03
        4800   2.04396248E-03
        4800   2.07495689E-03
        4800   2.05099583E-03
        4800   2.05802917E-03
        4800   2.05600262E-03
        4800   2.05701590E-03
        4900   2.08604336E-03
        4900   2.11501122E-03
        4900   2.08300352E-03
        4900   2.09301710E-03
        4900   2.07400322E-03
        4900   2.08199024E-03
        4900   2.07400322E-03
        4900   2.07895041E-03
        4900   2.07298994E-03
        4900   2.07996368E-03
        5000   2.13301182E-03
        5000   2.12097168E-03
        5000   2.13402510E-03
        5000   2.11203098E-03
        5000   2.13497877E-03
        5000   2.12705135E-03
        5000   2.11894512E-03
        5000   2.12395191E-03
        5000   2.13396549E-03
        5000   2.17503309E-03
        5100   2.19702721E-03
        5100   2.18397379E-03
        5100   2.18200684E-03
        5100   2.17896700E-03
        5100   2.19005346E-03
        5100   2.18904018E-03
        5100   2.17604637E-03
        5100   2.17896700E-03
        5100   2.16799974E-03
        5100   2.18498707E-03
        5200   2.25001574E-03
        5200   2.21699476E-03
        5200   2.21699476E-03
        5200   2.20602751E-03
        5200   2.20596790E-03
        5200   2.21401453E-03
        5200   2.24101543E-03
        5200   2.21502781E-03
        5200   2.20799446E-03
        5200   2.21598148E-03
        5300   2.25698948E-03
        5300   2.24900246E-03
        5300   2.26002932E-03
        5300   2.26098299E-03
        5300   2.24602222E-03
        5300   2.24399567E-03
        5300   2.25299597E-03
        5300   2.24298239E-03
        5300   2.24405527E-03
        5300   2.26801634E-03
        5400   2.31504440E-03
        5400   1.91998482E-03
        5400   1.66499615E-03
        5400   1.68699026E-03
        5400   1.64699554E-03
        5400   1.65396929E-03
        5400   1.64598227E-03
        5400   1.65200233E-03
        5400   1.65301561E-03
        5400   1.64496899E-03
        5500   2.36999989E-03
        5500   2.36099958E-03
        5500   2.34603882E-03
        5500   2.34401226E-03
        5500   2.36600637E-03
        5500   2.34603882E-03
        5500   2.34001875E-03
        5500   2.35199928E-03
        5500   2.33894587E-03
        5500   2.39300728E-03
        5600   2.42805481E-03
        5600   2.41500139E-03
        5600   2.38305330E-03
        5600   2.38603354E-03
        5600   2.38299370E-03
        5600   2.39801407E-03
        5600   2.38603354E-03
        5600   2.37804651E-03
        5600   2.38096714E-03
        5600   2.37500668E-03
        5700   2.42495537E-03
        5700   2.41696835E-03
        5700   2.43997574E-03
        5700   2.43097544E-03
        5700   2.43204832E-03
        5700   2.43401527E-03
        5700   2.48599052E-03
        5700   2.42799520E-03
        5700   2.43800879E-03
        5700   2.43401527E-03
        5800   2.48700380E-03
        5800   2.47704983E-03
        5800   2.47198343E-03
        5800   2.46798992E-03
        5800   2.47997046E-03
        5800   2.47102976E-03
        5800   2.46602297E-03
        5800   2.51603127E-03
        5800   2.47800350E-03
        5800   2.46495008E-03
        5900   2.55697966E-03
        5900   2.57402658E-03
        5900   2.52902508E-03
        5900   2.51299143E-03
        5900   2.51394510E-03
        5900   2.52604485E-03
        5900   2.54100561E-03
        5900   2.51394510E-03
        5900   2.52395868E-03
        5900   2.50899792E-03
        6000   2.56496668E-03
        6000   2.55703926E-03
        6000   2.55197287E-03
        6000   2.55501270E-03
        6000   2.55000591E-03
        6000   2.56502628E-03
        6000   2.57700682E-03
        6000   2.56699324E-03
        6000   2.55900621E-03
        6000   2.55203247E-03
        6100   2.61402130E-03
        6100   2.62403488E-03
        6100   2.62796879E-03
        6100   2.61205435E-03
        6100   2.60800123E-03
        6100   2.62498856E-03
        6100   2.60400772E-03
        6100   2.59196758E-03
        6100   2.61998177E-03
        6100   2.62004137E-03
        6200   2.71201134E-03
        6200   2.66498327E-03
        6200   2.66396999E-03
        6200   2.67398357E-03
        6200   2.66999006E-03
        6200   2.66498327E-03
        6200   2.63601542E-03
        6200   2.65097618E-03
        6200   2.65800953E-03
        6200   2.64900923E-03
        6300   2.71201134E-03
        6300   2.69502401E-03
        6300   2.69901752E-03
        6300   2.67302990E-03
        6300   2.72899866E-03
        6300   2.69401073E-03
        6300   2.67803669E-03
        6300   2.69204378E-03
        6300   2.69103050E-03
        6300   2.70497799E-03
        6400   2.80898809E-03
        6400   2.79897451E-03
        6400   2.79098749E-03
        6400   2.79700756E-03
        6400   2.81298161E-03
        6400   2.78997421E-03
        6400   2.78306007E-03
        6400   2.85005569E-03
        6400   2.79092789E-03
        6400   2.80404091E-03
        6500   2.77495384E-03
        6500   2.77602673E-03
        6500   2.77304649E-03
        6500   2.77900696E-03
        6500   2.77006626E-03
        6500   2.77602673E-03
        6500   2.77793407E-03
        6500   2.78806686E-03
        6500   2.80201435E-03
        6500   2.77507305E-03
        6600   2.84600258E-03
        6600   2.84004211E-03
        6600   2.84600258E-03
        6600   2.80392170E-03
        6600   2.81703472E-03
        6600   2.84004211E-03
        6600   2.83992290E-03
        6600   2.83193588E-03
        6600   2.83503532E-03
        6600   2.81298161E-03
        6700   2.88295746E-03
        6700   2.85208225E-03
        6700   2.86090374E-03
        6700   2.88605690E-03
        6700   2.86900997E-03
        6700   2.86996365E-03
        6700   2.87902355E-03
        6700   2.85804272E-03
        6700   2.86304951E-03
        6700   2.85995007E-03
        6800   2.91895866E-03
        6800   2.91001797E-03
        6800   2.92003155E-03
        6800   2.92098522E-03
        6800   2.89893150E-03
        6800   2.91299820E-03
        6800   2.95388699E-03
        6800   2.91705132E-03
        6800   2.91204453E-03
        6800   2.90799141E-03
        6900   2.96902657E-03
        6900   2.32005119E-03
        6900   2.32493877E-03
        6900   2.31409073E-03
        6900   2.31993198E-03
        6900   2.33805180E-03
        6900   2.31599808E-03
        6900   2.34794617E-03
        6900   2.32303143E-03
        6900   2.31003761E-03
        7000   3.00598145E-03
        7000   2.37393379E-03
        7000   2.32708454E-03
        7000   2.32398510E-03
        7000   2.32005119E-03
        7000   2.32696533E-03
        7000   2.31504440E-03
        7000   2.32100487E-03
        7000   2.32803822E-03
        7000   2.31206417E-03
        7100   3.04698944E-03
        7100   2.37596035E-03
        7100   2.35998631E-03
        7100   2.38895416E-03
        7100   2.36296654E-03
        7100   2.38299370E-03
        7100   2.40898132E-03
        7100   2.39002705E-03
        7100   2.37500668E-03
        7100   2.38609314E-03
        7200   3.11207771E-03
        7200   2.44104862E-03
        7200   2.43604183E-03
        7200   2.41899490E-03
        7200   2.41196156E-03
        7200   2.43306160E-03
        7200   2.41506100E-03
        7200   2.43592262E-03
        7200   2.42400169E-03
        7200   2.42888927E-03
        7300   3.14402580E-03
        7300   2.51889229E-03
        7300   2.47704983E-03
        7300   2.46298313E-03
        7300   2.46500969E-03
        7300   2.46405602E-03
        7300   2.45094299E-03
        7300   2.46298313E-03
        7300   2.46095657E-03
        7300   2.47395039E-03
        7400   3.16298008E-03
        7400   2.50804424E-03
        7400   2.51007080E-03
        7400   2.48694420E-03
        7400   2.47800350E-03
        7400   2.49898434E-03
        7400   2.57205963E-03
        7400   2.53105164E-03
        7400   2.54988670E-03
        7400   2.50005722E-03
        7500   3.22496891E-03
        7500   2.54702568E-03
        7500   2.54690647E-03
        7500   2.55000591E-03
        7500   2.54404545E-03
        7500   2.54309177E-03
        7500   2.56097317E-03
        7500   2.54595280E-03
        7500   2.53999233E-03
        7500   2.60293484E-03
        7600   3.31306458E-03
        7600   3.26895714E-03
        7600   3.26704979E-03
        7600   3.26502323E-03
        7600   3.26097012E-03
        7600   3.25596333E-03
        7600   3.26204300E-03
        7600   3.26204300E-03
        7600   3.26907635E-03
        7600   3.26204300E-03
        7700   3.32999229E-03
        7700   3.32200527E-03
        7700   3.38196754E-03
        7700   3.30698490E-03
        7700   3.30197811E-03
        7700   3.31997871E-03
        7700   3.31401825E-03
        7700   3.30793858E-03
        7700   3.34107876E-03
        7700   3.30197811E-03
        7800   3.32200527E-03
        7800   3.35395336E-03
        7800   3.37791443E-03
        7800   3.37600708E-03
        7800   3.35502625E-03
        7800   3.39996815E-03
        7800   3.34107876E-03
        7800   3.36003304E-03
        7800   3.34703922E-03
        7800   3.34000587E-03
        7900   3.41391563E-03
        7900   3.40402126E-03
        7900   3.39305401E-03
        7900   3.41594219E-03
        7900   3.42094898E-03
        7900   3.40604782E-03
        7900   3.43894958E-03
        7900   3.42702866E-03
        7900   3.42202187E-03
        7900   3.41701508E-03
        8000   3.49295139E-03
        8000   3.49199772E-03
        8000   3.46994400E-03
        8000   3.49998474E-03
        8000   3.53205204E-03
        8000   3.44598293E-03
        8000   3.47697735E-03
        8000   3.46803665E-03
        8000   3.45599651E-03
        8000   3.46398354E-03
        8100   3.52096558E-03
        8100   3.49998474E-03
        8100   3.48997116E-03
        8100   3.48305702E-03
        8100   3.49199772E-03
        8100   3.55601311E-03
        8100   3.48293781E-03
        8100   3.50499153E-03
        8100   3.48699093E-03
        8100   3.48401070E-03
        8200   3.61299515E-03
        8200   3.61800194E-03
        8200   3.62896919E-03
        8200   3.63194942E-03
        8200   3.61001492E-03
        8200   3.66401672E-03
        8200   3.60703468E-03
        8200   3.63004208E-03
        8200   3.59797478E-03
        8200   3.61895561E-03
        8300   3.57806683E-03
        8300   3.58998775E-03
        8300   3.58700752E-03
        8300   3.59392166E-03
        8300   3.55708599E-03
        8300   3.60703468E-03
        8300   3.58808041E-03
        8300   3.57997417E-03
        8300   3.58104706E-03
        8300   3.56900692E-03
        8400   3.62300873E-03
        8400   3.01003456E-03
        8400   3.05199623E-03
        8400   3.00300121E-03
        8400   2.99298763E-03
        8400   2.98905373E-03
        8400   2.98202038E-03
        8400   3.04007530E-03
        8400   3.00598145E-03
        8400   2.99298763E-03
        8500   3.64196301E-03
        8500   2.98297405E-03
        8500   3.00896168E-03
        8500   2.98798084E-03
        8500   3.00610065E-03
        8500   3.00598145E-03
        8500   3.00204754E-03
        8500   3.01408768E-03
        8500   3.00395489E-03
        8500   3.04603577E-03
        8600   3.71491909E-03
        8600   3.05998325E-03
        8600   3.06105614E-03
        8600   3.03804874E-03
        8600   3.06403637E-03
        8600   3.05092335E-03
        8600   3.07691097E-03
        8600   3.04496288E-03
        8600   3.03995609E-03
        8600   3.05497646E-03
        8700   3.78108025E-03
        8700   3.15201283E-03
        8700   3.14199924E-03
        8700   3.11303139E-03
        8700   3.12805176E-03
        8700   3.13198566E-03
        8700   3.09693813E-03
        8700   3.11005116E-03
        8700   3.11803818E-03
        8700   3.12101841E-03
        8800   3.78894806E-03
        8800   3.12805176E-03
        8800   3.17502022E-03
        8800   3.14903259E-03
        8800   3.14795971E-03
        8800   3.14104557E-03
        8800   3.12006474E-03
        8800   3.12399864E-03
        8800   3.13496590E-03
        8800   3.13901901E-03
        8900   3.16202641E-03
        8900   3.18491459E-03
        8900   3.18300724E-03
        8900   3.16894054E-03
        8900   3.20804119E-03
        8900   3.17192078E-03
        8900   3.18706036E-03
        8900   3.18503380E-03
        8900   3.18610668E-03
        8900   3.18813324E-03
        9000   3.22103500E-03
        9000   3.21388245E-03
        9000   3.20696831E-03
        9000   3.21006775E-03
        9000   3.21304798E-03
        9000   3.21316719E-03
        9000   3.24904919E-03
        9000   3.22008133E-03
        9000   3.20994854E-03
        9000   3.20589542E-03
        9100   3.25798988E-03
        9100   3.25798988E-03
        9100   3.25012207E-03
        9100   3.26895714E-03
        9100   3.25894356E-03
        9100   3.29995155E-03
        9100   3.26204300E-03
        9100   3.30495834E-03
        9100   3.25095654E-03
        9100   3.26299667E-03
        9200   3.31509113E-03
        9200   3.33690643E-03
        9200   3.30591202E-03
        9200   3.32701206E-03
        9200   3.32307816E-03
        9200   3.33094597E-03
        9200   3.32903862E-03
        9200   3.31401825E-03
        9200   3.36098671E-03
        9200   3.30805779E-03
        9300   3.34703922E-03
        9300   3.34596634E-03
        9300   3.34692001E-03
        9300   3.35693359E-03
        9300   3.34393978E-03
        9300   3.33690643E-03
        9300   3.36205959E-03
        9300   3.39794159E-03
        9300   3.34715843E-03
        9300   3.38411331E-03
        9400   3.40104103E-03
        9400   3.37600708E-03
        9400   3.40032578E-03
        9400   3.39388847E-03
        9400   3.38792801E-03
        9400   3.37696075E-03
        9400   3.39794159E-03
        9400   3.38387489E-03
        9400   3.40414047E-03
        9400   3.37982178E-03
        9500   3.46899033E-03
        9500   3.44491005E-03
        9500   3.43322754E-03
        9500   3.44204903E-03
        9500   3.44395638E-03
        9500   3.45802307E-03
        9500   3.42988968E-03
        9500   3.43799591E-03
        9500   3.45206261E-03
        9500   3.43179703E-03
        9600   3.82208824E-03
        9600   3.61824036E-03
        9600   3.50904465E-03
        9600   3.50809097E-03
        9600   3.48114967E-03
        9600   3.49187851E-03
        9600   3.49092484E-03
        9600   3.50213051E-03
        9600   3.52692604E-03
        9600   3.50499153E-03
        9700   3.46803665E-03
        9700   4.24408913E-03
        9700   4.17900085E-03
        9700   4.14514542E-03
        9700   4.16707993E-03
        9700   4.17399406E-03
        9700   4.14180756E-03
        9700   4.16088104E-03
        9700   4.16183472E-03
        9700   4.14896011E-03
        9800   3.54099274E-03
        9800   4.24098969E-03
        9800   4.18114662E-03
        9800   4.22191620E-03
        9800   4.18400764E-03
        9800   4.17494774E-03
        9800   4.16111946E-03
        9800   4.23598289E-03
        9800   4.23717499E-03
        9800   4.26483154E-03
        9900   3.61800194E-03
        9900   4.28390503E-03
        9900   4.24695015E-03
        9900   4.21714783E-03
        9900   4.23288345E-03
        9900   4.23598289E-03
        9900   4.24003601E-03
        9900   4.22596931E-03
        9900   4.30679321E-03
        9900   4.22000885E-03
       10000   3.63898277E-03
       10000   3.64398956E-03
       10000   3.62515450E-03
       10000   3.65900993E-03
       10000   3.65996361E-03
       10000   3.64708900E-03
       10000   3.65090370E-03
       10000   3.65710258E-03
       10000   3.69596481E-03
       10000   3.63206863E-03
       10100   3.67903709E-03
       10100   3.70001793E-03
       10100   3.69310379E-03
       10100   3.66997719E-03
       10100   3.70001793E-03
       10100   3.70216370E-03
       10100   3.69596481E-03
       10100   3.67903709E-03
       10100   3.73816490E-03
       10100   3.67498398E-03
       10200   3.75390053E-03
       10200   3.77392769E-03
       10200   3.76701355E-03
       10200   3.78894806E-03
       10200   3.78203392E-03
       10200   3.76701355E-03
       10200   3.77702713E-03
       10200   3.77106667E-03
       10200   3.82399559E-03
       10200   3.76987457E-03
       10300   3.83496284E-03
       10300   3.83305550E-03
       10300   3.83210182E-03
       10300   3.81422043E-03
       10300   3.80611420E-03
       10300   3.82208824E-03
       10300   3.83210182E-03
       10300   3.82208824E-03
       10300   3.90100479E-03
       10300   3.82399559E-03
       10400   3.84998322E-03
       10400   3.85308266E-03
       10400   3.86714935E-03
       10400   3.87191772E-03
       10400   3.86095047E-03
       10400   3.84998322E-03
       10400   3.85499001E-03
       10400   3.89599800E-03
       10400   3.87787819E-03
       10400   3.83901596E-03
       10500   3.90911102E-03
       10500   3.91697884E-03
       10500   3.91507149E-03
       10500   3.91817093E-03
       10500   3.92198563E-03
       10500   3.92699242E-03
       10500   3.91292572E-03
       10500   3.96990776E-03
       10500   3.90887260E-03
       10500   3.91697884E-03
       10600   3.93986702E-03
       10600   3.93891335E-03
       10600   3.96203995E-03
       10600   3.95393372E-03
       10600   3.93390656E-03
       10600   3.95202637E-03
       10600   3.96919250E-03
       10600   3.94582748E-03
       10600   3.96704674E-03
       10600   3.95703316E-03
       10700   4.00304794E-03
       10700   3.98993492E-03
       10700   4.01496887E-03
       10700   3.98206711E-03
       10700   3.98492813E-03
       10700   3.97777557E-03
       10700   4.04500961E-03
       10700   3.99184227E-03
       10700   3.98612022E-03
       10700   4.00400162E-03
       10800   4.05120850E-03
       10800   4.03714180E-03
       10800   4.03189659E-03
       10800   4.02903557E-03
       10800   4.03308868E-03
       10800   4.07600403E-03
       10800   4.02903557E-03
       10800   4.03499603E-03
       10800   4.02188301E-03
       10800   4.04191017E-03
       10900   4.12487984E-03
       10900   4.11009789E-03
       10900   4.10175323E-03
       10900   4.08220291E-03
       10900   4.15110588E-03
       10900   4.08315659E-03
       10900   4.09078598E-03
       10900   4.08601761E-03
       10900   4.09412384E-03
       10900   4.09412384E-03
       11000   4.17304039E-03
       11000   4.15802002E-03
       11000   4.12392616E-03
       11000   4.18782234E-03
       11000   4.13298607E-03
       11000   4.12917137E-03
       11000   4.12297249E-03
       11000   4.14609909E-03
       11000   4.12583351E-03
       11000   4.17208672E-03
       11100   4.19473648E-03
       11100   4.18901443E-03
       11100   4.27293777E-03
       11100   4.22692299E-03
       11100   4.20498848E-03
       11100   4.16707993E-03
       11100   4.27293777E-03
       11100   4.19497490E-03
       11100   4.22716141E-03
       11100   4.17709351E-03
       11200   4.24385071E-03
       11200   4.27913666E-03
       11200   4.22906876E-03
       11200   4.29511070E-03
       11200   4.24885750E-03
       11200   4.24504280E-03
       11200   4.25815582E-03
       11200   4.25195694E-03
       11200   4.25291061E-03
       11200   4.26101685E-03
       11300   4.30607796E-03
       11300   4.27007675E-03
       11300   4.27699089E-03
       11300   4.26506996E-03
       11300   4.26197052E-03
       11300   4.27293777E-03
       11300   4.25195694E-03
       11300   4.26793098E-03
       11300   4.33492661E-03
       11300   4.28199768E-03
       11400   4.32896614E-03
       11400   4.29201126E-03
       11400   4.30512428E-03
       11400   4.29105759E-03
       11400   4.30798531E-03
       11400   4.30393219E-03
       11400   4.29797173E-03
       11400   4.36592102E-03
       11400   4.30703163E-03
       11400   4.32705879E-03
       11500   4.35590744E-03
       11500   3.70502472E-03
       11500   3.68189812E-03
       11500   3.70907784E-03
       11500   3.70502472E-03
       11500   3.70907784E-03
       11500   3.75390053E-03
       11500   3.68618965E-03
       11500   3.73816490E-03
       11500   3.69596481E-03
       11600   4.41884995E-03
       11600   3.74507904E-03
       11600   3.75127792E-03
       11600   3.74412537E-03
       11600   3.74102592E-03
       11600   3.76486778E-03
       11600   3.79180908E-03
       11600   3.76009941E-03
       11600   3.74794006E-03
       11600   3.73911858E-03
       11700   4.39786911E-03
       11700   4.05693054E-03
       11700   3.85022163E-03
       11700   3.75890732E-03
       11700   3.74102592E-03
       11700   3.73601913E-03
       11700   3.77798080E-03
       11700   3.76582146E-03
       11700   3.72600555E-03
       11700   3.73291969E-03
       11800   4.50301170E-03
       11800   4.50992584E-03
       11800   4.48894501E-03
       11800   4.47988510E-03
       11800   4.47607040E-03
       11800   4.53400612E-03
       11800   4.47487831E-03
       11800   4.48608398E-03
       11800   4.47797775E-03
       11800   4.47225571E-03
       11900   4.50396538E-03
       11900   4.51421738E-03
       11900   4.49299812E-03
       11900   4.56690788E-03
       11900   4.51302528E-03
       11900   4.58312035E-03
       11900   4.48226929E-03
       11900   4.52995300E-03
       11900   4.55093384E-03
       11900   4.48799133E-03
       12000   4.54592705E-03
       12000   4.60672379E-03
       12000   4.56500053E-03
       12000   4.54187393E-03
       12000   4.53090668E-03
       12000   4.54020500E-03
       12000   4.54092026E-03
       12000   4.54998016E-03
       12000   4.59003448E-03
       12000   4.55808640E-03
       12100   4.56309319E-03
       12100   4.56380844E-03
       12100   4.59384918E-03
       12100   4.59408760E-03
       12100   4.57000732E-03
       12100   4.55904007E-03
       12100   4.56809998E-03
       12100   4.58908081E-03
       12100   4.58288193E-03
       12100   4.57406044E-03
       12200   4.64296341E-03
       12200   4.63485718E-03
       12200   4.64701653E-03
       12200   4.64200974E-03
       12200   4.64892387E-03
       12200   4.63509560E-03
       12200   4.68587875E-03
       12200   4.65774536E-03
       12200   4.63819504E-03
       12200   4.64296341E-03
       12300   4.76503372E-03
       12300   4.76503372E-03
       12300   4.74715233E-03
       12300   4.78601456E-03
       12300   4.77194786E-03
       12300   4.73308563E-03
       12300   4.75978851E-03
       12300   4.75406647E-03
       12300   4.79316711E-03
       12300   4.75978851E-03
       12400   4.81009483E-03
       12400   4.77075577E-03
       12400   4.74977493E-03
       12400   4.73403931E-03
       12400   4.75978851E-03
       12400   4.73284721E-03
       12400   4.72283363E-03
       12400   4.73403931E-03
       12400   4.72688675E-03
       12400   4.80222702E-03
       12500   4.73880768E-03
       12500   4.77600098E-03
       12500   4.73880768E-03
       12500   4.74500656E-03
       12500   4.77385521E-03
       12500   4.74810600E-03
       12500   4.76694107E-03
       12500   4.84490395E-03
       12500   4.75215912E-03
       12500   4.74786758E-03
       12600   4.84013557E-03
       12600   4.82416153E-03
       12600   4.89497185E-03
       12600   4.85086441E-03
       12600   4.82797623E-03
       12600   4.87089157E-03
       12600   4.82892990E-03
       12600   4.82606888E-03
       12600   4.82320786E-03
       12600   4.85205650E-03
       12700   4.85610962E-03
       12700   4.86898422E-03
       12700   4.92596626E-03
       12700   4.88090515E-03
       12700   4.94623184E-03
       12700   4.88305092E-03
       12700   4.88209724E-03
       12700   4.88901138E-03
       12700   4.88185883E-03
       12700   4.87494469E-03
       12800   5.12480736E-03
       12800   5.07903099E-03
       12800   5.07688522E-03
       12800   5.08189201E-03
       12800   5.06806374E-03
       12800   5.09381294E-03
       12800   5.09309769E-03
       12800   5.11980057E-03
       12800   5.08308411E-03
       12800   5.07307053E-03
       12900   4.96602058E-03
       12900   4.99987602E-03
       12900   4.94909286E-03
       12900   4.98294830E-03
       12900   4.96602058E-03
       12900   5.00702858E-03
       12900   4.96792793E-03
       12900   4.94503975E-03
       12900   4.93502617E-03
       12900   4.96506691E-03
       13000   4.99916077E-03
       13000   4.41288948E-03
       13000   4.42695618E-03
       13000   4.38690186E-03
       13000   4.37116623E-03
       13000   4.37712669E-03
       13000   4.35996056E-03
       13000   4.35686111E-03
       13000   4.37188148E-03
       13000   4.38499451E-03
       13100   5.22422791E-03
       13100   4.54902649E-03
       13100   4.51803207E-03
       13100   4.47702408E-03
       13100   4.47010994E-03
       13100   4.44793701E-03
       13100   4.46701050E-03
       13100   4.43410873E-03
       13100   4.43482399E-03
       13100   4.49204445E-03
       13200   5.16605377E-03
       13200   4.50396538E-03
       13200   4.48799133E-03
       13200   4.46701050E-03
       13200   4.47988510E-03
       13200   4.46987152E-03
       13200   4.47201729E-03
       13200   4.50897217E-03
       13200   4.48083878E-03
       13200   4.47297096E-03
       13300   5.28001785E-03
       13300   4.61101532E-03
       13300   4.60791588E-03
       13300   4.60481644E-03
       13300   4.58216667E-03
       13300   4.63509560E-03
       13300   4.60410118E-03
       13300   4.57191467E-03
       13300   4.62913513E-03
       13300   4.59599495E-03
       13400   5.21612167E-03
       13400   4.59194183E-03
       13400   4.56285477E-03
       13400   4.58693504E-03
       13400   4.55307961E-03
       13400   4.55093384E-03
       13400   4.56285477E-03
       13400   4.55999374E-03
       13400   4.56786156E-03
       13400   4.55904007E-03
       13500   5.29098511E-03
       13500   4.64987755E-03
       13500   4.61602211E-03
       13500   4.61792946E-03
       13500   4.60791588E-03
       13500   4.61316109E-03
       13500   4.62198257E-03
       13500   4.61602211E-03
       13500   4.60100174E-03
       13500   4.65917587E-03
       13600   5.34915924E-03
       13600   4.66489792E-03
       13600   4.67300415E-03
       13600   4.65393066E-03
       13600   4.65583801E-03
       13600   4.66108322E-03
       13600   4.65774536E-03
       13600   4.68778610E-03
       13600   4.65011597E-03
       13600   4.66823578E-03
       13700   5.40590286E-03
       13700   4.74119186E-03
       13700   4.72068787E-03
       13700   4.71782684E-03
       13700   4.73785400E-03
       13700   4.74500656E-03
       13700   4.70733643E-03
       13700   4.69207764E-03
       13700   4.68921661E-03
       13700   4.71115112E-03
       13800   5.41925430E-03
       13800   4.76789474E-03
       13800   4.74262238E-03
       13800   4.79936600E-03
       13800   4.70638275E-03
       13800   4.73213196E-03
       13800   4.71401215E-03
       13800   4.71401215E-03
       13800   4.69923019E-03
       13800   4.68349457E-03
       13900   5.53703308E-03
       13900   5.50174713E-03
       13900   5.45978546E-03
       13900   5.45597076E-03
       13900   5.46503067E-03
       13900   5.45310974E-03
       13900   5.45597076E-03
       13900   5.48934937E-03
       13900   5.46884537E-03
       13900   5.45978546E-03
       14000   5.52463531E-03
       14000   5.49077988E-03
       14000   5.53703308E-03
       14000   5.49602509E-03
       14000   5.54275513E-03
       14000   5.49507141E-03
       14000   5.48791885E-03
       14000   5.52511215E-03
       14000   5.48028946E-03
       14000   5.48839569E-03
       14100   5.51414490E-03
       14100   5.56325912E-03
       14100   5.54656982E-03
       14100   5.53226471E-03
       14100   5.52415848E-03
       14100   5.51700592E-03
       14100   5.51080704E-03
       14100   5.51462173E-03
       14100   5.55706024E-03
       14100   5.50699234E-03
       14200   5.57708740E-03
       14200   5.67054749E-03
       14200   5.62477112E-03
       14200   5.60092926E-03
       14200   5.65433502E-03
       14200   5.64575195E-03
       14200   5.68675995E-03
       14200   5.66101074E-03
       14200   5.64575195E-03
       14200   5.62095642E-03
       14300   5.72824478E-03
       14300   5.71489334E-03
       14300   5.73682785E-03
       14300   5.70106506E-03
       14300   5.70201874E-03
       14300   5.69772720E-03
       14300   5.67293167E-03
       14300   5.67674637E-03
       14300   5.65528870E-03
       14300   5.71393967E-03
       14400   5.25617599E-03
       14400   5.83457947E-03
       14400   5.75923920E-03
       14400   5.73730469E-03
       14400   5.77163696E-03
       14400   5.87892532E-03
       14400   5.79214096E-03
       14400   5.75685501E-03
       14400   5.72204590E-03
       14400   5.81645966E-03
       14500   5.24902344E-03
       14500   5.19514084E-03
       14500   5.17606735E-03
       14500   5.15508652E-03
       14500   5.12981415E-03
       14500   5.12218475E-03
       14500   5.13410568E-03
       14500   5.11503220E-03
       14500   5.16080856E-03
       14500   5.19704819E-03
       14600   5.10501862E-03
       14600   5.07211685E-03
       14600   5.10168076E-03
       14600   5.08308411E-03
       14600   5.11217117E-03
       14600   5.15508652E-03
       14600   5.08880615E-03
       14600   5.10978699E-03
       14600   5.08165359E-03
       14600   5.08499146E-03
       14700   5.14411926E-03
       14700   5.12838364E-03
       14700   5.20563126E-03
       14700   5.12218475E-03
       14700   5.13029099E-03
       14700   5.16510010E-03
       14700   5.11789322E-03
       14700   5.13505936E-03
       14700   5.13315201E-03
       14700   5.18989563E-03
       14800   5.20515442E-03
       14800   5.19609451E-03
       14800   5.19847870E-03
       14800   5.19418716E-03
       14800   5.21421432E-03
       14800   5.19704819E-03
       14800   5.21707535E-03
       14800   5.24806976E-03
       14800   5.19514084E-03
       14800   5.21278381E-03
       14900   5.25903702E-03
       14900   5.27858734E-03
       14900   5.28812408E-03
       14900   5.29146194E-03
       14900   5.35869598E-03
       14900   5.30910492E-03
       14900   5.28526306E-03
       14900   5.28669357E-03
       14900   5.29289246E-03
       14900   5.28097153E-03
       15000   5.33723831E-03
       15000   5.34963608E-03
       15000   5.33103943E-03
       15000   5.32484055E-03
       15000   5.34439087E-03
       15000   5.33628464E-03
       15000   5.31911850E-03
       15000   5.32102585E-03
       15000   5.39684296E-03
       15000   5.31196594E-03
       15100   5.35917282E-03
       15100   5.35678864E-03
       15100   5.43260574E-03
       15100   5.36727905E-03
       15100   5.38110733E-03
       15100   5.42306900E-03
       15100   5.40161133E-03
       15100   5.36394119E-03
       15100   5.40685654E-03
       15100   5.35917282E-03
       15200   5.36203384E-03
       15200   5.38921356E-03
       15200   5.43928146E-03
       15200   5.38587570E-03
       15200   5.38492203E-03
       15200   5.38682938E-03
       15200   5.37824631E-03
       15200   5.38396835E-03
       15200   5.38825989E-03
       15200   5.42259216E-03
       15300   5.45167923E-03
       15300   5.45501709E-03
       15300   5.44071198E-03
       15300   5.41496277E-03
       15300   5.45501709E-03
       15300   5.42020798E-03
       15300   5.45501709E-03
       15300   5.43022156E-03
       15300   5.41496277E-03
       15300   5.43785095E-03
       15400   5.51366806E-03
       15400   5.50937653E-03
       15400   5.54275513E-03
       15400   5.57613373E-03
       15400   5.51366806E-03
       15400   5.52511215E-03
       15400   5.53512573E-03
       15400   5.54561615E-03
       15400   5.51176071E-03
       15400   5.58471680E-03
       15500   5.56230545E-03
       15500   5.55419922E-03
       15500   5.54990768E-03
       15500   5.55706024E-03
       15500   5.57374954E-03
       15500   5.57708740E-03
       15500   5.62095642E-03
       15500   5.54895401E-03
       15500   5.58519363E-03
       15500   5.54800034E-03
       15600   5.57994843E-03
       15600   5.59997559E-03
       15600   5.58471680E-03
       15600   5.64098358E-03
       15600   5.58996201E-03
       15600   5.56230545E-03
       15600   5.57994843E-03
       15600   5.56659698E-03
       15600   5.57565689E-03
       15600   5.64527512E-03
       15700   5.69868088E-03
       15700   5.70297241E-03
       15700   5.70011139E-03
       15700   5.69915771E-03
       15700   5.69105148E-03
       15700   5.66625595E-03
       15700   5.76114655E-03
       15700   5.70011139E-03
       15700   5.68199158E-03
       15700   5.68914413E-03
       15800   5.72586060E-03
       15800   5.69200516E-03
       15800   5.68389893E-03
       15800   5.70106506E-03
       15800   5.73921204E-03
       15800   5.72490692E-03
       15800   5.68675995E-03
       15800   5.66911697E-03
       15800   5.66720963E-03
       15800   5.74922562E-03
       15900   5.75637817E-03
       15900   5.72109222E-03
       15900   5.71203232E-03
       15900   5.72633743E-03
       15900   5.71680069E-03
       15900   5.74302673E-03
       15900   5.75399399E-03
       15900   5.73301315E-03
       15900   5.70631027E-03
       15900   5.71012497E-03
       16000   5.95235825E-03
       16000   6.81018829E-03
       16000   6.68621063E-03
       16000   6.55364990E-03
       16000   6.59608841E-03
       16000   6.58273697E-03
       16000   6.60276413E-03
       16000   6.77680969E-03
       16000   6.62326813E-03
       16000   6.59894943E-03
       16100   6.05201721E-03
       16100   6.12497330E-03
       16100   6.10685349E-03
       16100   6.28900528E-03
       16100   6.40201569E-03
       16100   6.09588623E-03
       16100   6.06584549E-03
       16100   6.18124008E-03
       16100   6.20126724E-03
       16100   6.04391098E-03
       16200   6.00194931E-03
       16200   5.98287582E-03
       16200   5.97810745E-03
       16200   6.01100922E-03
       16200   5.97715378E-03
       16200   6.01196289E-03
       16200   5.99765778E-03
       16200   5.99908829E-03
       16200   5.90705872E-03
       16200   5.96094131E-03
       16300   5.98192215E-03
       16300   5.97810745E-03
       16300   6.04724884E-03
       16300   6.00099564E-03
       16300   5.95521927E-03
       16300   5.98621368E-03
       16300   6.00337982E-03
       16300   5.96761703E-03
       16300   6.10780716E-03
       16300   6.04486465E-03
       16400   6.21366501E-03
       16400   6.22177124E-03
       16400   6.31904602E-03
       16400   6.83069229E-03
       16400   6.42395020E-03
       16400   6.27708435E-03
       16400   6.44397736E-03
       16400   6.44636154E-03
       16400   6.24942780E-03
       16400   6.22320175E-03
       16500   6.24608994E-03
       16500   6.18124008E-03
       16500   6.20222092E-03
       16500   6.19697571E-03
       16500   6.15501404E-03
       16500   6.09588623E-03
       16500   6.13880157E-03
       16500   6.15358353E-03
       16500   6.10399246E-03
       16500   6.08301163E-03
       16600   6.16121292E-03
       16600   6.12401962E-03
       16600   6.19411469E-03
       16600   6.12306595E-03
       16600   6.15501404E-03
       16600   6.13212585E-03
       16600   6.16025925E-03
       16600   6.11782074E-03
       16600   6.19220734E-03
       16600   6.16407394E-03
       16700   6.15596771E-03
       16700   6.18505478E-03
       16700   6.19029999E-03
       16700   6.17694855E-03
       16700   6.28709793E-03
       16700   6.20508194E-03
       16700   6.18171692E-03
       16700   6.32810593E-03
       16700   6.28519058E-03
       16700   6.47592545E-03
       16800   6.61611557E-03
       16800   6.45923615E-03
       16800   6.45494461E-03
       16800   6.66284561E-03
       16800   6.55317307E-03
       16800   6.31093979E-03
       16800   6.35814667E-03
       16800   6.34002686E-03
       16800   6.21604919E-03
       16800   6.24084473E-03
       16900   6.32619858E-03
       16900   6.29997253E-03
       16900   6.36482239E-03
       16900   6.30998611E-03
       16900   6.29091263E-03
       16900   6.28519058E-03
       16900   6.31427765E-03
       16900   6.31904602E-03
       16900   6.34288788E-03
       16900   6.29520416E-03
       17000   6.32190704E-03
       17000   6.30903244E-03
       17000   6.28805161E-03
       17000   6.29091263E-03
       17000   6.35194778E-03
       17000   6.29520416E-03
       17000   6.30617142E-03
       17000   6.38008118E-03
       17000   6.33192062E-03
       17000   6.35910034E-03
       17100   6.56795502E-03
       17100   6.54602051E-03
       17100   6.54602051E-03
       17100   6.58702850E-03
       17100   6.55364990E-03
       17100   6.67190552E-03
       17100   6.73484802E-03
       17100   6.70719147E-03
       17100   6.86931610E-03
       17100   6.75201416E-03
       17200   6.60800934E-03
       17200   6.53886795E-03
       17200   6.52933121E-03
       17200   6.54888153E-03
       17200   6.54029846E-03
       17200   6.50072098E-03
       17200   6.48403168E-03
       17200   6.51741028E-03
       17200   6.41012192E-03
       17200   6.45065308E-03
       17300   6.46400452E-03
       17300   6.44826889E-03
       17300   6.49642944E-03
       17300   6.47068024E-03
       17300   6.45589828E-03
       17300   6.47926331E-03
       17300   6.46495819E-03
       17300   6.50310516E-03
       17300   6.54506683E-03
       17300   6.48212433E-03
       17400   6.61897659E-03
       17400   6.60991669E-03
       17400   6.64615631E-03
       17400   6.63089752E-03
       17400   6.77013397E-03
       17400   6.77013397E-03
       17400   6.73198700E-03
       17400   6.75201416E-03
       17400   6.82926178E-03
       17400   7.21549988E-03
       17500   6.84785843E-03
       17500   6.93702698E-03
       17500   6.80208206E-03
       17500   6.71195984E-03
       17500   6.65664673E-03
       17500   6.64377213E-03
       17500   6.58130646E-03
       17500   6.54315948E-03
       17500   6.55317307E-03
       17500   6.55317307E-03
       17600   6.71005249E-03
       17600   6.28948212E-03
       17600   6.01005554E-03
       17600   5.94663620E-03
       17600   5.96666336E-03
       17600   5.93090057E-03
       17600   5.92517853E-03
       17600   5.99384308E-03
       17600   5.94091415E-03
       17600   5.94711304E-03
       17700   6.72101974E-03
       17700   6.00099564E-03
       17700   6.00528717E-03
       17700   6.04104996E-03
       17700   5.98573685E-03
       17700   5.96284866E-03
       17700   5.97429276E-03
       17700   5.95617294E-03
       17700   6.00719452E-03
       17700   6.02006912E-03
       17800   7.94839859E-03
       17800   7.36188889E-03
       17800   7.31182098E-03
       17800   7.17973709E-03
       17800   6.08396530E-03
       17800   6.02912903E-03
       17800   6.02722168E-03
       17800   6.02483749E-03
       17800   6.03342056E-03
       17800   6.03008270E-03
       17900   6.80112839E-03
       17900   6.09302521E-03
       17900   6.07442856E-03
       17900   6.04486465E-03
       17900   6.02960587E-03
       17900   6.05154037E-03
       17900   6.05583191E-03
       17900   6.07109070E-03
       17900   6.05726242E-03
       17900   6.01720810E-03
       18000   6.74295425E-03
       18000   6.40726089E-03
       18000   6.24799728E-03
       18000   6.17408752E-03
       18000   6.11209869E-03
       18000   6.13403320E-03
       18000   6.08873367E-03
       18000   6.07490540E-03
       18000   6.08110428E-03
       18000   6.15596771E-03
       18100   6.94608688E-03
       18100   6.24990463E-03
       18100   6.26087189E-03
       18100   6.20603561E-03
       18100   6.17694855E-03
       18100   6.22224808E-03
       18100   6.18410110E-03
       18100   6.18505478E-03
       18100   6.17122650E-03
       18100   6.18696213E-03
       18200   6.98089600E-03
       18200   7.11107254E-03
       18200   7.48777390E-03
       18200   7.62939453E-03
       18200   7.15112686E-03
       18200   7.02142715E-03
       18200   6.94084167E-03
       18200   6.90078735E-03
       18200   6.94608688E-03
       18200   6.88314438E-03
       18300   6.92605972E-03
       18300   6.97994232E-03
       18300   6.94704056E-03
       18300   7.13920593E-03
       18300   6.95991516E-03
       18300   6.95133209E-03
       18300   6.93988800E-03
       18300   6.98471069E-03
       18300   6.95085526E-03
       18300   6.91223145E-03
       18400   7.03811646E-03
       18400   7.03191757E-03
       18400   7.12013245E-03
       18400   7.04622269E-03
       18400   7.09104538E-03
       18400   7.13872910E-03
       18400   7.15875626E-03
       18400   7.09295273E-03
       18400   7.06624985E-03
       18400   7.05671310E-03
       18500   7.01999664E-03
       18500   7.02476501E-03
       18500   7.08580017E-03
       18500   7.08770752E-03
       18500   7.10868835E-03
       18500   7.07197189E-03
       18500   7.06481934E-03
       18500   7.04002380E-03
       18500   7.11727142E-03
       18500   7.05099106E-03
       18600   7.08389282E-03
       18600   7.02714920E-03
       18600   7.09724426E-03
       18600   7.15494156E-03
       18600   7.08007812E-03
       18600   7.04622269E-03
       18600   7.06195831E-03
       18600   7.07387924E-03
       18600   7.11488724E-03
       18600   7.08389282E-03
       18700   7.11202621E-03
       18700   7.11488724E-03
       18700   7.13062286E-03
       18700   7.13729858E-03
       18700   7.18307495E-03
       18700   7.14302063E-03
       18700   7.12823868E-03
       18700   7.11488724E-03
       18700   7.14683533E-03
       18700   7.18212128E-03
       18800   7.32088089E-03
       18800   7.20405579E-03
       18800   7.19928741E-03
       18800   7.15875626E-03
       18800   7.20834732E-03
       18800   7.16829300E-03
       18800   7.15017319E-03
       18800   7.15875626E-03
       18800   7.21597672E-03
       18800   7.23838806E-03
       18900   7.22885132E-03
       18900   7.25412369E-03
       18900   7.21931458E-03
       18900   7.29608536E-03
       18900   7.29560852E-03
       18900   7.26938248E-03
       18900   7.25603104E-03
       18900   7.19690323E-03
       18900   7.21740723E-03
       18900   7.22789764E-03
       19000   7.24601746E-03
       19000   7.29513168E-03
       19000   7.24697113E-03
       19000   7.23409653E-03
       19000   7.25603104E-03
       19000   7.27701187E-03
       19000   7.18307495E-03
       19000   7.24792480E-03
       19000   7.22694397E-03
       19000   7.24029541E-03
       19100   7.28988647E-03
       19100   6.66379929E-03
       19100   6.67428970E-03
       19100   6.63566589E-03
       19100   6.65187836E-03
       19100   6.69193268E-03
       19100   6.65712357E-03
       19100   6.65903091E-03
       19100   6.64997101E-03
       19100   6.62803650E-03
       19200   7.57122040E-03
       19200   6.93893433E-03
       19200   6.84690475E-03
       19200   6.84547424E-03
       19200   6.85882568E-03
       19200   6.83307648E-03
       19200   6.85310364E-03
       19200   6.82592392E-03
       19200   6.82258606E-03
       19200   6.82783127E-03
       19300   7.47203827E-03
       19300   6.78586960E-03
       19300   6.81924820E-03
       19300   6.77013397E-03
       19300   6.76965714E-03
       19300   6.74581528E-03
       19300   6.73389435E-03
       19300   6.85071945E-03
       19300   6.76727295E-03
       19300   6.73484802E-03
       19400   7.60173798E-03
       19400   6.86979294E-03
       19400   6.86407089E-03
       19400   6.95085526E-03
       19400   6.82687759E-03
       19400   6.84118271E-03
       19400   6.83307648E-03
       19400   6.81591034E-03
       19400   6.89172745E-03
       19400   6.83593750E-03
       19500   7.60507584E-03
       19500   6.96468353E-03
       19500   6.92176819E-03
       19500   6.95800781E-03
       19500   6.89506531E-03
       19500   6.87503815E-03
       19500   6.87599182E-03
       19500   6.91032410E-03
       19500   6.86740875E-03
       19500   6.91604614E-03
       19600   7.66277313E-03
       19600   7.05432892E-03
       19600   7.09152222E-03
       19600   6.95991516E-03
       19600   7.05242157E-03
       19600   6.95514679E-03
       19600   6.98089600E-03
       19600   6.91699982E-03
       19600   6.92081451E-03
       19600   6.96945190E-03
       19700   7.69996643E-03
       19700   7.06195831E-03
       19700   6.99234009E-03
       19700   6.96563721E-03
       19700   6.94274902E-03
       19700   7.02285767E-03
       19700   6.97422028E-03
       19700   6.95228577E-03
       19700   6.93225861E-03
       19700   6.95228577E-03
       19800   7.06195831E-03
       19800   7.00187683E-03
       19800   7.03716278E-03
       19800   7.02953339E-03
       19800   6.99615479E-03
       19800   7.03048706E-03
       19800   7.02857971E-03
       19800   7.04002380E-03
       19800   7.06100464E-03
       19800   7.00664520E-03
       19900   6.97994232E-03
       19900   7.04479218E-03
       19900   7.05814362E-03
       19900   7.03716278E-03
       19900   7.01999664E-03
       19900   6.98566437E-03
       19900   7.10201263E-03
       19900   7.01427460E-03
       19900   7.03430176E-03
       19900   7.02667236E-03
       20000   7.14683533E-03
       20000   7.10487366E-03
       20000   7.12490082E-03
       20000   7.11154938E-03
       20000   7.07721710E-03
       20000   7.07340240E-03
       20000   7.09533691E-03
       20000   7.12490082E-03
       20000   7.08961487E-03
       20000   7.09819794E-03
